52001,'1c2e3625233d01453772',803,,718,5,0,20 21 22 23 24,0,46,,720,8,0,20 21 22 23 24,0,189,,722,5,0,20 21 22 23 24,0,211,,708,5,0,98 50,0,80,,709,8,0,20 21 22 23 24,0,104,,710,5,0,20 21 22 23 24,0,200,,712,5,0,98 50,0,225,,714,5,0,97 36,0,59,,715,8,0,20 21 22 23 24,0,41,,716,5,0,20 21 22 23 24,0
52001,'1f5759673f12020b0a50',1135,,727,5,0,97 36,0
52001,'2a5b3362091f52630354',1703,,95,5,0,20 21 22 23 24,0,100,,96,5,0,20 21 22 23 24,0
52001,'31744f7e5638320a2d4c',1313,,729,5,0,20 21 22 23 24,0
52001,'4d7a6615443531084902',803,,97,5,0,20 21 22 23 24,0,35,,98,5,0,20 21 22 23 24,0,200,,99,5,0,20 21 22 23 24,0,280,,100,5,0,20 21 22 23 24,0,120,,101,5,0,20 21 22 23 24,0,480,,102,5,0,20 21 22 23 24,0
52001,'59737b0d0f044b52693e',1802,,730,8,0,98 50,0
52001,'725616403949496a5c67',1313,,103,5,0,20 21 22 23 24,0
52001,'7f443a14596255477616',1713,,732,8,0,20 21 22 23 24,0,101,,734,8,0,20 21 22 23 24,0
52101,'02070559307629202a09',1135,,110,5,0,97 36,0
52101,'2a08755845643968295b',1800,,111,5,0,98 50,0
52101,'4d7a6615443531084902',1245,,114,5,0,98 50,0,390,,115,5,0,98 50,0,265,,116,5,0,97 36,0,100,,117,5,0,98 50,0
56001,'1f06603d1d7b4f2e4171',855,,558,2,0,67 19 23 68,0,385,,559,2,0,67 19 23 68,0,200,,556,2,0,67 37,0,405,,557,2,0,67 37,0
56001,'5e2b1a64573d314d5f51',715,,564,2,0,5 6 7,0,140,,565,2,0,8 9,0,785,,561,2,0,8 9,0,170,,562,2,0,8 9,0
