56000,'02070559307629202a09',917,,540,2,0,20 21 22 23 24,0,126,,541,2,0,20 21 22 23 24,0,200,,537,4,0,20 21 22 23 24,0,390,,538,4,0,25 26 27 28 29 30,0,70,,539,2,0,75 76 77,0
56000,'0a3c663a7d504d200835',1503,,861,2,0,25 26 27 28 29 30,0
56000,'1c2e3625233d01453772',933,,865,2,0,20 21 22 23 24,0,210,,866,4,0,20 21 22 23 24,0,190,,862,2,0,20 21 22 23 24,0,290,,863,4,0,10 11 12,0,85,,864,2,0,25 26 27 28 29 30,0
56000,'1f5759673f12020b0a50',917,,870,2,0,20 21 22 23 24,0,126,,871,2,0,20 21 22 23 24,0,200,,867,4,0,20 21 22 23 24,0,390,,868,4,0,25 26 27 28 29 30,0,70,,869,2,0,75 76 77,0
56000,'4d7a6615443531084902',933,,549,2,0,20 21 22 23 24,0,210,,550,4,0,20 21 22 23 24,0,190,,546,2,0,20 21 22 23 24,0,290,,547,4,0,10 11 12,0,85,,548,2,0,25 26 27 28 29 30,0
56000,'4f0277002864772e6462',553,,879,2,0,25 26 27 28 29 30,0,185,,880,2,0,25 26 27 28 29 30,0,765,,876,2,0,25 26 27 28 29 30,0,355,,878,2,0,20 21 22 23 24,0
56000,'52166b36781a3037644c',553,,554,2,0,25 26 27 28 29 30,0,185,,555,2,0,25 26 27 28 29 30,0,765,,551,2,0,25 26 27 28 29 30,0,355,,552,2,0,20 21 22 23 24,0
56001,'5e2b1a64573d314d5f51',710,,563,13,0,8 9,0,239,,564,39,0,5 6 7,0,184,,565,39,0,8 9,0,612,,560,27,0,8 9,0,169,,561,39,0,8 9,0,134,,562,39,0,8 9,0
56001,'6706020c382341356e26',1032,,567,27,0,8 9,0,210,,568,23,0,8 9,0,271,,569,30,0,5 6 7,0,319,,566,12,0,8 9,0
56001,'734c3e1b1c1138406a07',1413,,572,30,0,5 6 7,0,191,,570,27,0,8 9,0,221,,571,23,0,8 9,0
56600,'1f06603d1d7b4f2e4171',1440,,589,4,0,10 11 12,0,190,,590,2,0,10 11 12,0
56601,'1f06603d1d7b4f2e4171',1135,,596,16,0,5 6 7,0,320,,597,15,0,8 9,0
56900,'1f06603d1d7b4f2e4171',705,,602,12,0,8 9,0,1130,,603,12,0,8 9,0
56901,'1f06603d1d7b4f2e4171',930,,606,2,0,10 11 12,0,770,,607,2,0,75 76 77,0,200,,608,2,0,10 11 12,0
