'02070559307629202a09',20260704,0,20260711,0,20260718,0,20260725,0,20260801,0,20260808,0,20260815,0,20260815,2,20260822,0,20260829,0
'06207727403d2a283145',20260704,0,20260705,0,20260706,0,20260707,0,20260708,0,20260709,0,20260710,0,20260711,0,20260712,0,20260713,0,20260714,0,20260714,2,20260715,0,20260716,0,20260717,0,20260718,0,20260719,0,20260720,0,20260721,0,20260722,0,20260723,0,20260724,0,20260725,0,20260726,0,20260727,0,20260728,0,20260729,0,20260730,0,20260731,0,20260801,0,20260802,0,20260803,0,20260804,0,20260805,0,20260806,0,20260807,0,20260808,0,20260809,0,20260810,0,20260811,0,20260812,0,20260813,0,20260814,0,20260815,0,20260815,2,20260816,0,20260817,0,20260818,0,20260819,0,20260820,0,20260821,0,20260822,0,20260823,0,20260824,0,20260825,0,20260826,0,20260827,0,20260828,0,20260829,0,20260830,0,20260831,0
'0a2f1e22095132130163',20260702,0,20260703,0
'0a4f11267262224e1160',20260701,0,20260702,0,20260703,0
'1a20552b5a400f716a1b',20260705,0,20260712,0,20260714,1,20260719,0,20260726,0,20260802,0,20260809,0,20260815,1,20260816,0,20260823,0,20260830,0
'1a3e365f147a09254f76',20260706,0,20260707,0,20260708,0,20260709,0,20260710,0,20260711,0,20260712,0,20260713,0,20260714,0,20260715,0,20260716,0,20260717,0,20260718,0,20260719,0,20260720,0,20260721,0,20260722,0,20260723,0,20260724,0,20260725,0,20260726,0,20260727,0,20260728,0,20260729,0,20260730,0,20260731,0,20260801,0,20260802,0,20260803,0,20260804,0,20260805,0,20260806,0,20260807,0,20260808,0,20260809,0,20260810,0,20260811,0,20260812,0,20260813,0,20260814,0,20260815,0,20260816,0,20260817,0,20260818,0,20260819,0,20260820,0,20260821,0,20260822,0,20260823,0,20260824,0,20260825,0,20260826,0,20260827,0,20260828,0,20260829,0,20260830,0,20260831,0
'1f06603d1d7b4f2e4171',20260705,0,20260712,0,20260714,1,20260719,0,20260726,0,20260802,0,20260809,0,20260815,1,20260816,0,20260823,0,20260830,0
'207e270d054b176b5d33',20260706,0,20260707,0,20260708,0,20260709,0,20260710,0,20260713,0,20260714,0,20260714,2,20260715,0,20260716,0,20260717,0,20260720,0,20260721,0,20260722,0,20260723,0,20260724,0,20260727,0,20260728,0,20260729,0,20260730,0,20260731,0,20260803,0,20260804,0,20260805,0,20260806,0,20260807,0,20260810,0,20260811,0,20260812,0,20260813,0,20260814,0,20260817,0,20260818,0,20260819,0,20260820,0,20260821,0,20260824,0,20260825,0,20260826,0,20260827,0,20260828,0,20260831,0
'220e7e723c71704c1463',20260704,0,20260706,0,20260707,0,20260708,0,20260709,0,20260710,0,20260711,0,20260713,0,20260714,0,20260714,2,20260715,0,20260716,0,20260717,0,20260718,0,20260720,0,20260721,0,20260722,0,20260723,0,20260724,0,20260725,0,20260727,0,20260728,0,20260729,0,20260730,0,20260731,0,20260801,0,20260803,0,20260804,0,20260805,0,20260806,0,20260807,0,20260808,0,20260810,0,20260811,0,20260812,0,20260813,0,20260814,0,20260815,0,20260815,2,20260817,0,20260818,0,20260819,0,20260820,0,20260821,0,20260822,0,20260824,0,20260825,0,20260826,0,20260827,0,20260828,0,20260829,0,20260831,0
'26316a4c147077516358',20260702,0,20260703,0
'2910694d611e54493e1f',20260701,0,20260702,0,20260703,0
'2a08755845643968295b',20260706,0,20260707,0,20260708,0,20260709,0,20260710,0,20260713,0,20260714,0,20260714,2,20260715,0,20260716,0,20260717,0,20260720,0,20260721,0,20260722,0,20260723,0,20260724,0,20260727,0,20260728,0,20260729,0,20260730,0,20260731,0,20260803,0,20260804,0,20260805,0,20260806,0,20260807,0,20260810,0,20260811,0,20260812,0,20260813,0,20260814,0,20260817,0,20260818,0,20260819,0,20260820,0,20260821,0,20260824,0,20260825,0,20260826,0,20260827,0,20260828,0,20260831,0
'2a5b3362091f52630354',20260701,0,20260702,0,20260703,0
'3a78640c711a553f2f68',20260701,0,20260702,0,20260703,0,20260704,0,20260706,0,20260707,0,20260708,0,20260709,0,20260710,0,20260711,0,20260713,0,20260714,0,20260714,2,20260715,0,20260716,0,20260717,0,20260718,0,20260720,0,20260721,0,20260722,0,20260723,0,20260724,0,20260725,0,20260727,0,20260728,0,20260729,0,20260730,0,20260731,0,20260801,0,20260803,0,20260804,0,20260805,0,20260806,0,20260807,0,20260808,0,20260810,0,20260811,0,20260812,0,20260813,0,20260814,0,20260815,0,20260815,2,20260817,0,20260818,0,20260819,0,20260820,0,20260821,0,20260822,0,20260824,0,20260825,0,20260826,0,20260827,0,20260828,0,20260829,0,20260831,0
'3b15730c603159684464',20260705,0,20260712,0,20260719,0,20260726,0,20260802,0,20260809,0,20260816,0,20260823,0,20260830,0
'4d1c4f29782b127f5736',20260701,0,20260702,0,20260703,0,20260704,0,20260705,0,20260706,0,20260707,0,20260708,0,20260709,0,20260710,0,20260711,0,20260712,0,20260713,0,20260714,0,20260714,2,20260715,0,20260716,0,20260717,0,20260718,0,20260719,0,20260720,0,20260721,0,20260722,0,20260723,0,20260724,0,20260725,0,20260726,0,20260727,0,20260728,0,20260729,0,20260730,0,20260731,0,20260801,0,20260802,0,20260803,0,20260804,0,20260805,0,20260806,0,20260807,0,20260808,0,20260809,0,20260810,0,20260811,0,20260812,0,20260813,0,20260814,0,20260815,0,20260815,2,20260816,0,20260817,0,20260818,0,20260819,0,20260820,0,20260821,0,20260822,0,20260823,0,20260824,0,20260825,0,20260826,0,20260827,0,20260828,0,20260829,0,20260830,0,20260831,0
'4d7a6615443531084902',20260701,0,20260702,0,20260703,0,20260706,0,20260707,0,20260708,0,20260709,0,20260710,0,20260713,0,20260714,0,20260714,2,20260715,0,20260716,0,20260717,0,20260720,0,20260721,0,20260722,0,20260723,0,20260724,0,20260727,0,20260728,0,20260729,0,20260730,0,20260731,0,20260803,0,20260804,0,20260805,0,20260806,0,20260807,0,20260810,0,20260811,0,20260812,0,20260813,0,20260814,0,20260817,0,20260818,0,20260819,0,20260820,0,20260821,0,20260824,0,20260825,0,20260826,0,20260827,0,20260828,0,20260831,0
'52166b36781a3037644c',20260701,0,20260702,0,20260703,0,20260704,0,20260706,0,20260707,0,20260708,0,20260709,0,20260710,0,20260711,0,20260713,0,20260714,0,20260714,2,20260715,0,20260716,0,20260717,0,20260718,0,20260720,0,20260721,0,20260722,0,20260723,0,20260724,0,20260725,0,20260727,0,20260728,0,20260729,0,20260730,0,20260731,0,20260801,0,20260803,0,20260804,0,20260805,0,20260806,0,20260807,0,20260808,0,20260810,0,20260811,0,20260812,0,20260813,0,20260814,0,20260815,0,20260815,2,20260817,0,20260818,0,20260819,0,20260820,0,20260821,0,20260822,0,20260824,0,20260825,0,20260826,0,20260827,0,20260828,0,20260829,0,20260831,0
'57250a1f2855612e2d17',20260701,0
'5a5962265f3f1c435f26',20260705,0,20260712,0,20260719,0,20260726,0,20260802,0,20260809,0,20260816,0,20260823,0,20260830,0
'5d6776271a7e333e1319',20260705,0,20260712,0,20260719,0,20260726,0,20260802,0,20260809,0,20260816,0,20260823,0,20260830,0
'5e2b1a64573d314d5f51',20260701,0,20260702,0,20260703,0,20260704,0,20260706,0,20260707,0,20260708,0,20260709,0,20260710,0,20260711,0,20260713,0,20260714,0,20260714,2,20260715,0,20260716,0,20260717,0,20260718,0,20260720,0,20260721,0,20260722,0,20260723,0,20260724,0,20260725,0,20260727,0,20260728,0,20260729,0,20260730,0,20260731,0,20260801,0,20260803,0,20260804,0,20260805,0,20260806,0,20260807,0,20260808,0,20260810,0,20260811,0,20260812,0,20260813,0,20260814,0,20260815,0,20260815,2,20260817,0,20260818,0,20260819,0,20260820,0,20260821,0,20260822,0,20260824,0,20260825,0,20260826,0,20260827,0,20260828,0,20260829,0,20260831,0
'5e3b7e4e66044d16561a',20260704,0,20260705,0,20260706,0,20260707,0,20260708,0,20260709,0,20260710,0,20260711,0,20260712,0,20260713,0,20260714,0,20260715,0,20260716,0,20260717,0,20260718,0,20260719,0,20260720,0,20260721,0,20260722,0,20260723,0,20260724,0,20260725,0,20260726,0,20260727,0,20260728,0,20260729,0,20260730,0,20260731,0,20260801,0,20260802,0,20260803,0,20260804,0,20260805,0,20260806,0,20260807,0,20260808,0,20260809,0,20260810,0,20260811,0,20260812,0,20260813,0,20260814,0,20260815,0,20260816,0,20260817,0,20260818,0,20260819,0,20260820,0,20260821,0,20260822,0,20260823,0,20260824,0,20260825,0,20260826,0,20260827,0,20260828,0,20260829,0,20260830,0,20260831,0
'60191a56774210430b52',20260705,0,20260712,0,20260714,1,20260719,0,20260726,0,20260802,0,20260809,0,20260815,1,20260816,0,20260823,0,20260830,0
'62061874353c664e5006',20260701,0,20260702,0,20260703,0
'6706020c382341356e26',20260704,0,20260711,0,20260718,0,20260725,0,20260801,0,20260808,0,20260815,0,20260815,2,20260822,0,20260829,0
'68215d673a035f6f0223',20260701,0,20260702,0,20260703,0
'725616403949496a5c67',20260701,0
'734c3e1b1c1138406a07',20260701,0,20260702,0,20260703,0,20260706,0,20260707,0,20260708,0,20260709,0,20260710,0,20260713,0,20260714,0,20260714,2,20260715,0,20260716,0,20260717,0,20260720,0,20260721,0,20260722,0,20260723,0,20260724,0,20260727,0,20260728,0,20260729,0,20260730,0,20260731,0,20260803,0,20260804,0,20260805,0,20260806,0,20260807,0,20260810,0,20260811,0,20260812,0,20260813,0,20260814,0,20260817,0,20260818,0,20260819,0,20260820,0,20260821,0,20260824,0,20260825,0,20260826,0,20260827,0,20260828,0,20260831,0
'7d212b3f2568633b0919',20260704,0,20260707,0,20260711,0,20260714,0,20260714,2,20260718,0,20260721,0,20260725,0,20260728,0,20260801,0,20260804,0,20260808,0,20260811,0,20260815,0,20260815,2,20260818,0,20260822,0,20260825,0,20260829,0
