52400,'7d212b3f2568633b0919',849,,155,4,0,20 73 74,0
56000,'02070559307629202a09',1037,,540,20,0,20 21 22 23 24,0,195,,541,26,0,20 21 22 23 24,0,200,,537,28,0,20 21 22 23 24,0,390,,538,28,0,25 26 27 28 29 30,0
56000,'0a3c663a7d504d200835',1652,,861,27,0,25 26 27 28 29 30,0
56000,'1a20552b5a400f716a1b',1035,,544,10,0,25 26 27 28 29 30,0,200,,545,10,0,25 26 27 28 29 30,0,400,,542,10,0,25 26 27 28 29 30,0,185,,543,10,0,25 26 27 28 29 30,0
56000,'1c2e3625233d01453772',1057,,865,20,0,20 21 22 23 24,0,275,,866,28,0,20 21 22 23 24,0,181,,862,23,0,20 21 22 23 24,0,320,,864,20,0,25 26 27 28 29 30,0
56000,'1f5759673f12020b0a50',1037,,870,20,0,20 21 22 23 24,0,195,,871,26,0,20 21 22 23 24,0,200,,867,28,0,20 21 22 23 24,0,390,,868,28,0,25 26 27 28 29 30,0
56000,'3823594e52252d7f6b14',1035,,874,10,0,25 26 27 28 29 30,0,200,,875,10,0,25 26 27 28 29 30,0,400,,872,10,0,25 26 27 28 29 30,0,185,,873,10,0,25 26 27 28 29 30,0
56000,'4d7a6615443531084902',1057,,549,20,0,20 21 22 23 24,0,275,,550,28,0,20 21 22 23 24,0,181,,546,23,0,20 21 22 23 24,0,320,,548,20,0,25 26 27 28 29 30,0
56000,'4f0277002864772e6462',733,,879,23,0,25 26 27 28 29 30,0,194,,880,26,0,25 26 27 28 29 30,0,725,,876,26,0,25 26 27 28 29 30,0,370,,878,20,0,20 21 22 23 24,0
56000,'52166b36781a3037644c',733,,554,23,0,25 26 27 28 29 30,0,194,,555,26,0,25 26 27 28 29 30,0,725,,551,26,0,25 26 27 28 29 30,0,370,,552,20,0,20 21 22 23 24,0
