55000,'02070559307629202a09',921,,435,26,0,35 36 37,0,200,,436,26,0,35 36 37,0,100,,437,26,0,35 36 37,0,200,,432,26,0,35 36 37,0,200,,433,26,0,35 36 37,0,180,,434,26,0,35 36 37,0
55000,'0a067c057b2b05087239',744,,801,21,0,35 45 116,0
55000,'0a2f1e22095132130163',1736,,438,23,0,35 38,0,74,,440,15,0,78 19,0,126,,441,23,0,35 38,0
55000,'14187635613e43612170',944,,803,21,0,35 45 116,0,100,,804,21,0,35 45 116,0,300,,802,26,0,35 45 116,0
55000,'1a223768176411647430',1834,,805,22,0,35 45 116,0
55000,'2a08755845643968295b',746,,446,21,0,35 36 37,0,200,,447,21,0,35 36 37,0,100,,449,21,0,35 36 37,0,300,,442,21,0,35 36 37,0,490,,445,22,0,35 36 37,0
55000,'2a5b3362091f52630354',745,,455,1,0,35 36 37,0,199,,459,21,0,35 38,0,100,,461,21,0,35 38,0,300,,453,26,0,35 38,0
55000,'31744f7e5638320a2d4c',1410,,808,10,0,78 19,0
55000,'553d275f1455102c362a',1736,,814,23,0,35 45 116,0,74,,816,15,0,78 19,0,126,,817,23,0,35 45 116,0
55000,'56061576073054406d39',1834,,818,22,0,35 45 116,0
55000,'5a5962265f3f1c435f26',1016,,463,26,0,35 36 37,0,400,,462,26,0,35 36 37,0
55000,'725616403949496a5c67',1410,,468,10,0,78 19,0,424,,470,22,0,35 81,0
55000,'7f443a14596255477616',745,,819,1,0,35 36 37,0
55300,'1c2e3625233d01453772',1418,,848,15,0,25 26 27 28 29 30,0
55300,'2a08755845643968295b',648,,521,14,0,25 26 27 28 29 30,0
55300,'2a5b3362091f52630354',655,,524,1,0,25 26 27 28 29 30,0,93,,525,14,0,25 26 27 28 29 30,0
55300,'4d7a6615443531084902',1418,,526,14,0,25 26 27 28 29 30,0
55300,'59737b0d0f044b52693e',648,,849,15,0,25 26 27 28 29 30,0
55300,'7f443a14596255477616',653,,851,9,0,25 26 27 28 29 30,0,95,,852,15,0,25 26 27 28 29 30,0
