51101,'734c3e1b1c1138406a07',854,,72,7,0,104 105,0,200,,73,7,0,104 105,0,280,,74,7,0,104 105,0,190,,76,7,0,104 105,0
52000,'1c2e3625233d01453772',527,,693,7,0,25 26 27 28 29 30,0,99,,696,15,0,25 26 27 28 29 30,0,33,,697,7,0,25 26 27 28 29 30,0,72,,698,16,0,25 26 27 28 29 30,0,177,,700,7,0,25 26 27 28 29 30,0,200,,687,7,0,25 26 27 28 29 30,0,200,,689,7,0,25 26 27 28 29 30,0,197,,690,15,0,25 26 27 28 29 30,0,299,,692,7,0,25 26 27 28 29 30,0,196,,695,15,0,25 26 27 28 29 30,0
52000,'1f5759673f12020b0a50',1410,,702,16,0,25 26 27 28 29 30,0
52000,'4d7a6615443531084902',517,,89,7,0,25 26 27 28 29 30,0,142,,90,7,0,25 26 27 28 29 30,0,245,,91,7,0,25 26 27 28 29 30,0,204,,92,7,0,25 26 27 28 29 30,0,196,,93,7,0,25 26 27 28 29 30,0,455,,94,7,0,25 26 27 28 29 30,0
52000,'7f443a14596255477616',654,,707,16,0,25 26 27 28 29 30,0
52100,'02070559307629202a09',1410,,104,16,0,25 26 27 28 29 30,0
52100,'2a5b3362091f52630354',654,,105,16,0,25 26 27 28 29 30,0
52100,'4d7a6615443531084902',628,,106,15,0,25 26 27 28 29 30,0,103,,107,16,0,25 26 27 28 29 30,0,777,,108,15,0,25 26 27 28 29 30,0,495,,109,15,0,25 26 27 28 29 30,0
56000,'02070559307629202a09',1900,,538,39,0,25 26 27 28 29 30,0
56000,'0a3c663a7d504d200835',1728,,861,38,0,25 26 27 28 29 30,0
56000,'1a20552b5a400f716a1b',1113,,544,21,0,25 26 27 28 29 30,0,200,,545,21,0,25 26 27 28 29 30,0,400,,542,21,0,25 26 27 28 29 30,0,145,,543,21,0,25 26 27 28 29 30,0
56000,'1c2e3625233d01453772',1912,,864,31,0,25 26 27 28 29 30,0
56000,'1f5759673f12020b0a50',1900,,868,39,0,25 26 27 28 29 30,0
56000,'3823594e52252d7f6b14',1113,,874,21,0,25 26 27 28 29 30,0,200,,875,21,0,25 26 27 28 29 30,0,400,,872,21,0,25 26 27 28 29 30,0,145,,873,21,0,25 26 27 28 29 30,0
56000,'4d7a6615443531084902',1912,,548,31,0,25 26 27 28 29 30,0
56000,'4f0277002864772e6462',809,,879,34,0,25 26 27 28 29 30,0,194,,880,37,0,25 26 27 28 29 30,0,725,,876,37,0,25 26 27 28 29 30,0
56000,'52166b36781a3037644c',809,,554,34,0,25 26 27 28 29 30,0,194,,555,37,0,25 26 27 28 29 30,0,725,,551,37,0,25 26 27 28 29 30,0
