52000,'1c2e3625233d01453772',541,,696,2,0,25 26 27 28 29 30,0,104,,698,3,0,25 26 27 28 29 30,0,86,,699,2,0,20 21 22 23 24,0,200,,686,2,0,20 21 22 23 24,0,200,,688,2,0,20 21 22 23 24,0,290,,690,2,0,25 26 27 28 29 30,0,110,,691,2,0,20 21 22 23 24,0,215,,694,2,0,20 21 22 23 24,0,170,,695,2,0,25 26 27 28 29 30,0
52000,'1f5759673f12020b0a50',1031,,701,2,0,20 21 22 23 24,0,294,,702,3,0,25 26 27 28 29 30,0,306,,703,2,0,20 21 22 23 24,0,200,,704,2,0,20 21 22 23 24,0
52000,'4f0277002864772e6462',835,,705,3,0,20 21 22 23 24,0
52000,'7f443a14596255477616',605,,707,3,0,25 26 27 28 29 30,0
52100,'02070559307629202a09',1325,,104,3,0,25 26 27 28 29 30,0
52100,'2a5b3362091f52630354',605,,105,3,0,25 26 27 28 29 30,0
52100,'4d7a6615443531084902',541,,106,2,0,25 26 27 28 29 30,0,104,,107,3,0,25 26 27 28 29 30,0,776,,108,2,0,25 26 27 28 29 30,0,495,,109,2,0,25 26 27 28 29 30,0
52200,'02070559307629202a09',1031,,119,2,0,20 21 22 23 24,0,600,,120,2,0,20 21 22 23 24,0,200,,121,2,0,20 21 22 23 24,0
52200,'4d7a6615443531084902',731,,122,2,0,20 21 22 23 24,0,200,,123,2,0,20 21 22 23 24,0,200,,124,2,0,20 21 22 23 24,0,400,,125,2,0,20 21 22 23 24,0,215,,126,2,0,20 21 22 23 24,0
52200,'52166b36781a3037644c',835,,127,3,0,20 21 22 23 24,0
