55000,'02070559307629202a09',841,,435,12,0,35 36 37,0,200,,436,12,0,35 36 37,0,100,,437,12,0,35 36 37,0,200,,432,12,0,35 36 37,0,200,,433,12,0,35 36 37,0,180,,434,12,0,35 36 37,0
55000,'0a067c057b2b05087239',706,,801,7,0,35 45 116,0
55000,'0a2f1e22095132130163',1641,,438,7,0,35 38,0,100,,439,7,0,35 38,0,100,,441,7,0,35 38,0
55000,'14187635613e43612170',906,,803,7,0,35 45 116,0,100,,804,7,0,35 45 116,0,300,,802,12,0,35 45 116,0
55000,'1a223768176411647430',1756,,805,8,0,35 45 116,0
55000,'2a08755845643968295b',706,,446,7,0,35 36 37,0,200,,447,7,0,35 36 37,0,100,,449,7,0,35 36 37,0,300,,442,7,0,35 36 37,0,450,,445,8,0,35 36 37,0
55000,'2a5b3362091f52630354',721,,458,7,0,35 36 37,0,185,,459,7,0,35 38,0,100,,461,7,0,35 38,0,300,,453,12,0,35 38,0
55000,'31744f7e5638320a2d4c',1341,,809,7,0,35 45 116,0
55000,'553d275f1455102c362a',1641,,814,7,0,35 45 116,0,100,,815,7,0,35 45 116,0,100,,817,7,0,35 45 116,0
55000,'56061576073054406d39',1756,,818,8,0,35 45 116,0
55000,'5a5962265f3f1c435f26',936,,463,12,0,35 36 37,0,400,,462,12,0,35 36 37,0
55000,'725616403949496a5c67',1341,,469,7,0,35 38,0,415,,470,8,0,35 81,0
55000,'7f443a14596255477616',721,,822,7,0,35 36 37,0
