54000,'220e7e723c71704c1463',954,,278,12,0,25 26 27 28 29 30,0,95,,279,9,0,25 26 27 28 29 30,0,87,,280,6,0,25 26 27 28 29 30,0,13,,281,9,0,25 26 27 28 29 30,0,87,,282,6,0,25 26 27 28 29 30,0,18,,264,12,0,25 26 27 28 29 30,0,82,,265,6,0,25 26 27 28 29 30,0,73,,266,9,0,25 26 27 28 29 30,0,27,,267,6,0,25 26 27 28 29 30,0,13,,268,12,0,25 26 27 28 29 30,0,87,,269,6,0,25 26 27 28 29 30,0,13,,270,9,0,25 26 27 28 29 30,0,87,,271,6,0,25 26 27 28 29 30,0,13,,272,9,0,25 26 27 28 29 30,0,87,,273,6,0,25 26 27 28 29 30,0,13,,274,9,0,25 26 27 28 29 30,0,70,,275,9,0,25 26 27 28 29 30,0,17,,276,6,0,25 26 27 28 29 30,0
54000,'2a08755845643968295b',644,,283,9,0,25 26 27 28 29 30,0,100,,287,9,0,25 26 27 28 29 30,0,110,,288,9,0,25 26 27 28 29 30,0,1000,,284,12,0,25 26 27 28 29 30,0,100,,285,9,0,25 26 27 28 29 30,0,100,,286,9,0,25 26 27 28 29 30,0
54000,'2a21514a4e2b3103627a',1639,,735,9,0,25 26 27 28 29 30,0
54000,'2a5b3362091f52630354',619,,294,9,0,25 26 27 28 29 30,0,10,,299,9,0,25 26 27 28 29 30,0,15,,300,9,0,25 26 27 28 29 30,0,75,,301,9,0,25 26 27 28 29 30,0,25,,302,9,0,25 26 27 28 29 30,0,95,,303,9,0,25 26 27 28 29 30,0,100,,304,12,0,25 26 27 28 29 30,0,100,,305,9,0,25 26 27 28 29 30,0,95,,306,5,0,25 26 27 28 29 30,0,105,,289,9,0,25 26 27 28 29 30,0,110,,290,9,0,25 26 27 28 29 30,0,90,,291,12,0,25 26 27 28 29 30,0,95,,307,5,0,25 26 27 28 29 30,0,5,,292,9,0,25 26 27 28 29 30,0,90,,308,5,0,25 26 27 28 29 30,0,10,,293,9,0,25 26 27 28 29 30,0,100,,296,9,0,25 26 27 28 29 30,0,75,,297,9,0,25 26 27 28 29 30,0,20,,309,5,0,25 26 27 28 29 30,0,5,,298,12,0,25 26 27 28 29 30,0
54000,'3b110f002e63067b2820',1834,,738,5,0,25 26 27 28 29 30,0
54000,'4222041c237916795e5b',1639,,739,9,0,25 26 27 28 29 30,0
54000,'4b486d3f75551347753d',839,,740,9,0,25 26 27 28 29 30,0,200,,741,9,0,25 26 27 28 29 30,0
54000,'4f0277002864772e6462',629,,749,9,0,25 26 27 28 29 30,0,15,,750,9,0,25 26 27 28 29 30,0,75,,751,9,0,25 26 27 28 29 30,0,25,,752,9,0,25 26 27 28 29 30,0,195,,753,12,0,25 26 27 28 29 30,0,300,,742,9,0,25 26 27 28 29 30,0,110,,743,9,0,25 26 27 28 29 30,0,90,,744,12,0,25 26 27 28 29 30,0,100,,745,9,0,25 26 27 28 29 30,0,200,,746,9,0,25 26 27 28 29 30,0,75,,747,9,0,25 26 27 28 29 30,0,25,,748,12,0,25 26 27 28 29 30,0
54000,'5839460d757725570f41',1439,,756,9,0,25 26 27 28 29 30,0
54000,'6f166c68066d266f1856',1134,,757,5,0,25 26 27 28 29 30,0,400,,758,5,0,25 26 27 28 29 30,0,95,,759,5,0,25 26 27 28 29 30,0
54000,'7f443a14596255477616',619,,760,9,0,25 26 27 28 29 30,0
54101,'1a20552b5a400f716a1b',1035,,377,6,0,33 102 103,0,80,,378,6,0,33 102 103,0,315,,379,6,0,33 102 103,0,485,,376,6,0,33 102 103,0
54101,'220e7e723c71704c1463',948,,386,6,0,33 102 103,0,107,,387,6,0,33 102 103,0,155,,388,6,0,33 102 103,0,100,,389,6,0,33 102 103,0,100,,390,6,0,33 102 103,0,100,,380,6,0,33 102 103,0,100,,381,6,0,33 102 103,0,100,,382,6,0,33 102 103,0,200,,383,6,0,33 102 103,0,100,,384,6,0,33 102 103,0
