55000,'02070559307629202a09',922,,435,27,0,35 36 37,0,200,,436,27,0,35 36 37,0,100,,437,27,0,35 36 37,0,200,,432,27,0,35 36 37,0,200,,433,27,0,35 36 37,0,180,,434,27,0,35 36 37,0
55000,'0a067c057b2b05087239',745,,801,22,0,35 45 116,0
55000,'0a2f1e22095132130163',1738,,438,24,0,35 38,0,77,,440,16,4,,0,123,,441,24,0,35 38,0
55000,'14187635613e43612170',945,,803,22,0,35 45 116,0,100,,804,22,0,35 45 116,0,300,,802,27,0,35 45 116,0
55000,'1a223768176411647430',1835,,805,23,0,35 45 116,0
55000,'2a08755845643968295b',747,,446,22,0,35 36 37,0,200,,447,22,0,35 36 37,0,100,,449,22,0,35 36 37,0,300,,442,22,0,35 36 37,0,490,,445,23,0,35 36 37,0
55000,'2a5b3362091f52630354',747,,455,2,0,35 36 37,0,198,,459,22,0,35 38,0,100,,461,22,0,35 38,0,300,,453,27,0,35 38,0
55000,'31744f7e5638320a2d4c',1415,,808,11,4,,0
55000,'553d275f1455102c362a',1738,,814,24,0,35 45 116,0,77,,816,16,4,,0,123,,817,24,0,35 45 116,0
55000,'56061576073054406d39',1835,,818,23,0,35 45 116,0
55000,'5a5962265f3f1c435f26',1017,,463,27,0,35 36 37,0,400,,462,27,0,35 36 37,0
55000,'725616403949496a5c67',1415,,468,11,4,,0,420,,470,23,0,35 81,0
55000,'7f443a14596255477616',747,,819,2,0,35 36 37,0
55300,'1c2e3625233d01453772',1419,,848,16,0,25 26 27 28 29 30,0
55300,'2a08755845643968295b',649,,521,15,0,25 26 27 28 29 30,0
55300,'2a5b3362091f52630354',657,,524,2,0,25 26 27 28 29 30,0,92,,525,15,0,25 26 27 28 29 30,0
55300,'4d7a6615443531084902',1419,,526,15,0,25 26 27 28 29 30,0
55300,'59737b0d0f044b52693e',649,,849,16,0,25 26 27 28 29 30,0
55300,'7f443a14596255477616',655,,851,10,0,25 26 27 28 29 30,0,94,,852,16,0,25 26 27 28 29 30,0
