55000,'02070559307629202a09',858,,435,19,0,35 36 37,0,200,,436,19,0,35 36 37,0,100,,437,19,0,35 36 37,0,200,,432,19,0,35 36 37,0,200,,433,19,0,35 36 37,0,180,,434,19,0,35 36 37,0
55000,'0a067c057b2b05087239',721,,801,14,0,35 45 116,0
55000,'0a2f1e22095132130163',1717,,438,16,0,35 38,0,34,,440,11,0,78 19,0,166,,441,16,0,35 38,0
55000,'14187635613e43612170',921,,803,14,0,35 45 116,0,100,,804,14,0,35 45 116,0,300,,802,19,0,35 45 116,0
55000,'1a223768176411647430',1811,,805,15,0,35 45 116,0
55000,'2a08755845643968295b',723,,446,14,0,35 36 37,0,200,,447,14,0,35 36 37,0,100,,449,14,0,35 36 37,0,300,,442,14,0,35 36 37,0,490,,445,15,0,35 36 37,0
55000,'2a5b3362091f52630354',734,,456,4,0,35 36 37,0,187,,459,14,0,35 38,0,100,,461,14,0,35 38,0,300,,453,19,0,35 38,0
55000,'31744f7e5638320a2d4c',1351,,808,6,0,78 19,0
55000,'553d275f1455102c362a',1717,,814,16,0,35 45 116,0,34,,816,11,0,78 19,0,166,,817,16,0,35 45 116,0
55000,'56061576073054406d39',1811,,818,15,0,35 45 116,0
55000,'5a5962265f3f1c435f26',953,,463,19,0,35 36 37,0,400,,462,19,0,35 36 37,0
55000,'725616403949496a5c67',1351,,468,6,0,78 19,0,460,,470,15,0,35 81,0
55000,'7f443a14596255477616',734,,820,4,0,35 36 37,0
55300,'1c2e3625233d01453772',1401,,848,8,0,25 26 27 28 29 30,0
55300,'2a08755845643968295b',631,,521,7,0,25 26 27 28 29 30,0
55300,'2a5b3362091f52630354',641,,522,13,0,25 26 27 28 29 30,0,90,,525,7,0,25 26 27 28 29 30,0
55300,'4d7a6615443531084902',1401,,526,7,0,25 26 27 28 29 30,0
55300,'59737b0d0f044b52693e',631,,849,8,0,25 26 27 28 29 30,0
55300,'7f443a14596255477616',637,,851,5,0,25 26 27 28 29 30,0,94,,852,8,0,25 26 27 28 29 30,0
