51100,'734c3e1b1c1138406a07',831,,65,7,0,95 96,0,200,,66,7,0,95 96,0,280,,68,7,0,95 96,0,190,,69,7,0,95 96,0
51101,'734c3e1b1c1138406a07',857,,72,9,0,104 105,0,200,,73,9,0,104 105,0,280,,74,9,0,104 105,0,190,,76,9,0,104 105,0
52000,'1c2e3625233d01453772',630,,696,17,0,25 26 27 28 29 30,0,72,,697,9,0,25 26 27 28 29 30,0,33,,698,18,0,25 26 27 28 29 30,0,1073,,692,9,0,25 26 27 28 29 30,0
52000,'4d7a6615443531084902',702,,90,9,0,25 26 27 28 29 30,0,1100,,94,9,0,25 26 27 28 29 30,0
52000,'7f443a14596255477616',658,,707,18,0,25 26 27 28 29 30,0
52001,'1c2e3625233d01453772',820,,718,12,0,20 21 22 23 24,0,486,,708,12,0,98 50,0,344,,712,12,0,98 50,0,263,,714,12,0,97 36,0,22,,715,15,0,20 21 22 23 24,0,78,,716,12,0,20 21 22 23 24,0
52001,'1f5759673f12020b0a50',1152,,727,12,0,97 36,0
52001,'31744f7e5638320a2d4c',1308,,728,4,0,98 50,0
52001,'4d7a6615443531084902',816,,97,12,0,20 21 22 23 24,0,1113,,102,12,0,20 21 22 23 24,0
52001,'59737b0d0f044b52693e',1817,,730,15,0,98 50,0
52001,'7f443a14596255477616',1659,,731,4,0,98 50,0,100,,733,4,0,98 50,0
52100,'2a5b3362091f52630354',658,,105,18,0,25 26 27 28 29 30,0
52100,'4d7a6615443531084902',632,,106,17,0,25 26 27 28 29 30,0,103,,107,18,0,25 26 27 28 29 30,0
52101,'02070559307629202a09',1151,,110,12,0,97 36,0
52101,'2a08755845643968295b',1816,,111,12,0,98 50,0
52101,'2a5b3362091f52630354',1659,,112,4,0,98 50,0,100,,113,4,0,98 50,0
52101,'4d7a6615443531084902',1301,,114,12,0,98 50,0,350,,115,12,0,98 50,0,265,,116,12,0,97 36,0,100,,117,12,0,98 50,0
52101,'725616403949496a5c67',1309,,118,4,0,98 50,0
