52000,'1c2e3625233d01453772',516,,693,3,0,25 26 27 28 29 30,0,95,,696,11,0,25 26 27 28 29 30,0,34,,697,3,0,25 26 27 28 29 30,0,71,,698,12,0,25 26 27 28 29 30,0,138,,700,3,0,25 26 27 28 29 30,0,200,,687,3,0,25 26 27 28 29 30,0,199,,689,3,0,25 26 27 28 29 30,0,198,,690,11,0,25 26 27 28 29 30,0,298,,692,3,0,25 26 27 28 29 30,0,197,,695,11,0,25 26 27 28 29 30,0
52000,'1f5759673f12020b0a50',1355,,702,12,0,25 26 27 28 29 30,0
52000,'2a5b3362091f52630354',629,,88,3,0,25 26 27 28 29 30,0
52000,'4d7a6615443531084902',502,,89,3,0,25 26 27 28 29 30,0,143,,90,3,0,25 26 27 28 29 30,0,205,,91,3,0,25 26 27 28 29 30,0,205,,92,3,0,25 26 27 28 29 30,0,195,,93,3,0,25 26 27 28 29 30,0,495,,94,3,0,25 26 27 28 29 30,0
52000,'7f443a14596255477616',629,,706,3,0,25 26 27 28 29 30,0,7,,707,12,0,25 26 27 28 29 30,0
52100,'02070559307629202a09',1356,,104,12,0,25 26 27 28 29 30,0
52100,'2a5b3362091f52630354',636,,105,12,0,25 26 27 28 29 30,0
52100,'4d7a6615443531084902',612,,106,11,0,25 26 27 28 29 30,0,104,,107,12,0,25 26 27 28 29 30,0,736,,108,11,0,25 26 27 28 29 30,0,495,,109,11,0,25 26 27 28 29 30,0
56000,'02070559307629202a09',1851,,538,37,0,25 26 27 28 29 30,0
56000,'0a3c663a7d504d200835',1719,,861,36,0,25 26 27 28 29 30,0
56000,'1a20552b5a400f716a1b',1105,,544,19,0,25 26 27 28 29 30,0,200,,545,19,0,25 26 27 28 29 30,0,400,,542,19,0,25 26 27 28 29 30,0,145,,543,19,0,25 26 27 28 29 30,0
56000,'1c2e3625233d01453772',1903,,864,29,0,25 26 27 28 29 30,0
56000,'1f5759673f12020b0a50',1851,,868,37,0,25 26 27 28 29 30,0
56000,'3823594e52252d7f6b14',1105,,874,19,0,25 26 27 28 29 30,0,200,,875,19,0,25 26 27 28 29 30,0,400,,872,19,0,25 26 27 28 29 30,0,145,,873,19,0,25 26 27 28 29 30,0
56000,'4d7a6615443531084902',1903,,548,29,0,25 26 27 28 29 30,0
56000,'4f0277002864772e6462',800,,879,32,0,25 26 27 28 29 30,0,154,,880,35,0,25 26 27 28 29 30,0,765,,876,35,0,25 26 27 28 29 30,0
56000,'52166b36781a3037644c',800,,554,32,0,25 26 27 28 29 30,0,154,,555,35,0,25 26 27 28 29 30,0,765,,551,35,0,25 26 27 28 29 30,0
