55000,'02070559307629202a09',852,,435,15,0,35 36 37,0,200,,436,15,0,35 36 37,0,100,,437,15,0,35 36 37,0,200,,432,15,0,35 36 37,0,200,,433,15,0,35 36 37,0,180,,434,15,0,35 36 37,0
55000,'0a067c057b2b05087239',715,,801,10,0,35 45 116,0
55000,'0a2f1e22095132130163',1657,,438,11,0,35 38,0,98,,439,11,0,35 38,0,102,,441,11,0,35 38,0
55000,'14187635613e43612170',915,,803,10,0,35 45 116,0,100,,804,10,0,35 45 116,0,300,,802,15,0,35 45 116,0
55000,'1a223768176411647430',1805,,805,11,0,35 45 116,0
55000,'2a08755845643968295b',717,,446,10,0,35 36 37,0,200,,447,10,0,35 36 37,0,100,,449,10,0,35 36 37,0,300,,442,10,0,35 36 37,0,490,,445,11,0,35 36 37,0
55000,'2a5b3362091f52630354',725,,457,1,0,35 36 37,0,190,,459,10,0,35 38,0,100,,461,10,0,35 38,0,300,,453,15,0,35 38,0
55000,'31744f7e5638320a2d4c',1355,,809,11,0,35 45 116,0
55000,'553d275f1455102c362a',1657,,814,11,0,35 45 116,0,98,,815,11,0,35 45 116,0,102,,817,11,0,35 45 116,0
55000,'56061576073054406d39',1805,,818,11,0,35 45 116,0
55000,'5a5962265f3f1c435f26',947,,463,15,0,35 36 37,0,400,,462,15,0,35 36 37,0
55000,'62061874353c664e5006',815,,464,1,0,79 80,0
55000,'725616403949496a5c67',1355,,469,11,0,35 38,0,450,,470,11,0,35 81,0
55000,'7f443a14596255477616',725,,821,1,0,35 36 37,0
55300,'1c2e3625233d01453772',1353,,848,4,0,25 26 27 28 29 30,0
55300,'59737b0d0f044b52693e',623,,849,4,0,25 26 27 28 29 30,0
55300,'7f443a14596255477616',638,,850,10,0,25 26 27 28 29 30,0,85,,852,4,0,25 26 27 28 29 30,0
55301,'2a5b3362091f52630354',1707,,528,8,0,117 134 135,0,115,,531,8,0,117 134 135,0,100,,527,8,0,117 134 135,0
55301,'4d7a6615443531084902',1315,,533,19,4,,0,600,,534,19,4,,0
55301,'725616403949496a5c67',1317,,536,8,0,117 134 135,0
