56000,'02070559307629202a09',953,,540,14,0,13 14 15 16 102,0,193,,541,20,0,13 14 15 16 102,0,200,,537,22,0,13 14 15 16 102,0,390,,538,22,0,61 74 75 76 77 103,0,7,,539,14,4,,0
56000,'1a20552b5a400f716a1b',951,,544,4,0,61 74 75 76 77 103,0,200,,545,4,0,61 74 75 76 77 103,0,400,,542,4,0,61 74 75 76 77 103,0,185,,543,4,0,61 74 75 76 77 103,0
56000,'4d7a6615443531084902',1013,,549,14,0,13 14 15 16 102,0,233,,550,22,0,13 14 15 16 102,0,181,,546,17,0,13 14 15 16 102,0,299,,547,22,0,18 19 98,0,22,,548,14,0,61 74 75 76 77 103,0
56000,'52166b36781a3037644c',647,,554,17,0,61 74 75 76 77 103,0,194,,555,20,0,61 74 75 76 77 103,0,765,,551,20,0,61 74 75 76 77 103,0,332,,552,14,0,13 14 15 16 102,0
56001,'1f06603d1d7b4f2e4171',1027,,558,21,0,26 15 36 128,0,385,,559,21,0,26 15 36 128,0,200,,556,21,0,24 128,0,405,,557,21,0,24 128,0
56001,'5e2b1a64573d314d5f51',635,,563,2,0,6 97,0,213,,564,21,0,94 95 96,0,183,,565,21,0,6 97,0,616,,560,12,0,6 97,0,166,,561,21,0,6 97,0,133,,562,21,0,6 97,0
56001,'6706020c382341356e26',940,,567,12,0,6 97,0,267,,568,12,0,6 97,0,205,,569,12,0,94 95 96,0,343,,566,1,0,6 97,0
56001,'734c3e1b1c1138406a07',1312,,572,12,0,94 95 96,0,200,,570,12,0,6 97,0,238,,571,12,0,6 97,0
56900,'1f06603d1d7b4f2e4171',625,,602,1,0,6 97,0,1130,,603,1,0,6 97,0
56900,'5e2b1a64573d314d5f51',842,,604,9,0,21 104,0,575,,605,9,0,21 104,0
56901,'1f06603d1d7b4f2e4171',1016,,606,14,0,18 19 98,0,730,,607,15,4,,0,200,,608,15,0,18 19 98,0
56901,'5e2b1a64573d314d5f51',1358,,609,18,0,26 101,0,455,,610,18,0,26 101,0
