54001,'1c2e3625233d01453772',700,,763,6,0,58 59,0
54001,'20650565243b6617121a',1040,,765,6,0,58 59,0
54001,'220e7e723c71704c1463',731,,323,6,0,58 59,0,213,,324,6,0,47 48,0,69,,325,6,0,60 61 62 63,0,31,,326,6,0,58 59,0,70,,327,6,0,60 61 62 63,0,30,,328,6,0,47 48,0,70,,329,6,0,60 61 62 63,0,25,,311,6,0,58 59,0,75,,312,6,0,60 61 62 63,0,25,,313,6,0,58 59,0,75,,314,6,0,60 61 62 63,0,25,,315,6,0,58 59,0,75,,316,6,0,60 61 62 63,0,30,,317,6,0,47 48,0,70,,318,6,0,60 61 62 63,0,30,,319,6,0,58 59,0,70,,320,6,0,60 61 62 63,0,25,,321,6,0,47 48,0,75,,322,6,0,60 61 62 63,0
54001,'2a08755845643968295b',651,,330,6,0,58 59,0,188,,334,6,0,58 59,0,1000,,331,6,0,58 59,0,20,,332,6,0,58 59,0,100,,333,6,0,58 59,0
54001,'2a5b3362091f52630354',700,,343,6,0,58 59,0,50,,350,6,0,58 59,0,90,,353,6,0,58 59,0,100,,354,6,0,58 59,0,2,,356,6,0,60 64,0,100,,357,6,0,60 64,0,98,,355,6,0,47 48,0,102,,358,6,0,60 64,0,68,,336,6,0,58 59,0,35,,337,6,0,58 59,0,95,,338,6,0,58 59,0,2,,359,6,0,60 64,0,98,,339,6,0,47 48,0,175,,342,6,0,58 59,0,100,,346,6,0,58 59,0,85,,348,6,0,58 59,0,55,,349,6,0,58 59,0
54001,'3b110f002e63067b2820',942,,767,6,0,60 64,0
54001,'4b486d3f75551347753d',840,,769,6,0,58 59,0
54001,'4f0277002864772e6462',750,,781,6,0,58 59,0,190,,782,6,0,58 59,0,200,,783,6,0,47 48,0,170,,771,6,0,58 59,0,35,,772,6,0,58 59,0,95,,773,6,0,58 59,0,100,,774,6,0,47 48,0,175,,775,6,0,58 59,0,100,,777,6,0,58 59,0,85,,779,6,0,58 59,0,55,,780,6,0,58 59,0
54001,'6f166c68066d266f1856',1042,,784,6,0,60 64,0,200,,785,6,0,60 64,0,200,,786,6,0,60 64,0
54300,'2a5b3362091f52630354',744,,417,23,0,35 38,0
54300,'4f0277002864772e6462',744,,791,23,0,35 45 116,0
57401,'2910694d611e54493e1f',1737,,678,8,0,41 42 43,0
57401,'57250a1f2855612e2d17',1300,,679,8,0,41 42 43,0
57401,'5e2b1a64573d314d5f51',852,,680,8,0,41 42 43,0,390,,681,8,0,41 42 43,0,595,,682,8,0,41 42 43,0
57401,'62061874353c664e5006',1655,,683,11,0,41 42 43,0,145,,684,8,0,41 42 43,0,100,,685,8,0,41 42 43,0
