54001,'1c2e3625233d01453772',702,,763,8,0,58 59,0
54001,'20650565243b6617121a',1042,,765,8,0,58 59,0
54001,'220e7e723c71704c1463',734,,323,8,0,58 59,0,213,,324,8,0,47 48,0,70,,325,8,0,60 61 62 63,0,30,,326,8,0,58 59,0,70,,327,8,0,60 61 62 63,0,30,,328,8,0,47 48,0,70,,329,8,0,60 61 62 63,0,25,,311,8,0,58 59,0,75,,312,8,0,60 61 62 63,0,25,,313,8,0,58 59,0,75,,314,8,0,60 61 62 63,0,25,,315,8,0,58 59,0,75,,316,8,0,60 61 62 63,0,30,,317,8,0,47 48,0,70,,318,8,0,60 61 62 63,0,30,,319,8,0,58 59,0,70,,320,8,0,60 61 62 63,0,25,,321,8,0,47 48,0,75,,322,8,0,60 61 62 63,0
54001,'2a08755845643968295b',654,,330,8,0,58 59,0,188,,334,8,0,58 59,0,1000,,331,8,0,58 59,0,60,,332,8,0,58 59,0,100,,333,8,0,58 59,0
54001,'2a5b3362091f52630354',702,,343,8,0,58 59,0,50,,350,8,0,58 59,0,90,,353,8,0,58 59,0,100,,354,8,0,58 59,0,2,,356,8,0,60 64,0,100,,357,8,0,60 64,0,98,,355,8,0,47 48,0,102,,358,8,0,60 64,0,68,,336,8,0,58 59,0,35,,337,8,0,58 59,0,95,,338,8,0,58 59,0,2,,359,8,0,60 64,0,98,,339,8,0,47 48,0,175,,342,8,0,58 59,0,100,,346,8,0,58 59,0,85,,348,8,0,58 59,0,55,,349,8,0,58 59,0
54001,'3b110f002e63067b2820',944,,767,8,0,60 64,0
54001,'4b486d3f75551347753d',842,,769,8,0,58 59,0
54001,'4f0277002864772e6462',752,,781,8,0,58 59,0,190,,782,8,0,58 59,0,200,,783,8,0,47 48,0,170,,771,8,0,58 59,0,35,,772,8,0,58 59,0,95,,773,8,0,58 59,0,100,,774,8,0,47 48,0,175,,775,8,0,58 59,0,100,,777,8,0,58 59,0,85,,779,8,0,58 59,0,55,,780,8,0,58 59,0
54001,'6f166c68066d266f1856',1044,,784,8,0,60 64,0,200,,785,8,0,60 64,0,200,,786,8,0,60 64,0
54300,'2a5b3362091f52630354',747,,417,25,0,35 38,0
54300,'4f0277002864772e6462',747,,791,25,0,35 45 116,0
57401,'2910694d611e54493e1f',1739,,678,10,0,41 42 43,0
57401,'5e2b1a64573d314d5f51',854,,680,10,0,41 42 43,0,390,,681,10,0,41 42 43,0,595,,682,10,0,41 42 43,0
