51100,'734c3e1b1c1138406a07',820,,65,1,0,95 96,0,200,,66,1,0,95 96,0,280,,68,1,0,95 96,0,150,,69,1,0,95 96,0
51101,'734c3e1b1c1138406a07',715,,71,1,0,106 17,0,190,,72,13,4,,0,200,,73,13,4,,0,240,,75,1,0,106 17,0,190,,76,13,4,,0,220,,77,1,0,106 17,0
51201,'734c3e1b1c1138406a07',850,,84,1,0,107 38,0,450,,85,1,0,107 38,0,405,,86,1,0,107 38,0
52001,'1c2e3625233d01453772',805,,718,6,0,20 21 22 23 24,0,46,,720,9,0,20 21 22 23 24,0,189,,722,6,0,20 21 22 23 24,0,211,,708,6,0,98 50,0,80,,709,9,0,20 21 22 23 24,0,104,,710,6,0,20 21 22 23 24,0,200,,712,6,0,98 50,0,265,,714,6,0,97 36,0,19,,715,9,0,20 21 22 23 24,0,81,,716,6,0,20 21 22 23 24,0
52001,'1f5759673f12020b0a50',1137,,727,6,0,97 36,0
52001,'2a5b3362091f52630354',1705,,95,6,0,20 21 22 23 24,0,100,,96,6,0,20 21 22 23 24,0
52001,'31744f7e5638320a2d4c',1315,,729,6,0,20 21 22 23 24,0
52001,'4d7a6615443531084902',805,,97,6,0,20 21 22 23 24,0,35,,98,6,0,20 21 22 23 24,0,200,,99,6,0,20 21 22 23 24,0,280,,100,6,0,20 21 22 23 24,0,120,,101,6,0,20 21 22 23 24,0,480,,102,6,0,20 21 22 23 24,0
52001,'59737b0d0f044b52693e',1804,,730,9,0,98 50,0
52001,'725616403949496a5c67',1315,,103,6,0,20 21 22 23 24,0
52001,'7f443a14596255477616',1715,,732,9,0,20 21 22 23 24,0,101,,734,9,0,20 21 22 23 24,0
52101,'02070559307629202a09',1137,,110,6,0,97 36,0
52101,'2a08755845643968295b',1802,,111,6,0,98 50,0
52101,'4d7a6615443531084902',1247,,114,6,0,98 50,0,390,,115,6,0,98 50,0,265,,116,6,0,97 36,0,100,,117,6,0,98 50,0
56001,'1f06603d1d7b4f2e4171',857,,558,3,0,67 19 23 68,0,385,,559,3,0,67 19 23 68,0,200,,556,3,0,67 37,0,405,,557,3,0,67 37,0
56001,'5e2b1a64573d314d5f51',717,,564,3,0,5 6 7,0,140,,565,3,0,8 9,0,785,,561,3,0,8 9,0,170,,562,3,0,8 9,0
