55000,'0a2f1e22095132130163',1742,,438,25,0,35 38,0,200,,441,25,0,35 38,0
55000,'2a5b3362091f52630354',750,,455,3,0,35 36 37,0
55000,'553d275f1455102c362a',1742,,814,25,0,35 45 116,0,200,,817,25,0,35 45 116,0
55000,'7f443a14596255477616',750,,819,3,0,35 36 37,0
55001,'0a2f1e22095132130163',1702,,479,2,0,129 36 130,0
55001,'2a5b3362091f52630354',1802,,503,2,0,129 36 130,0
55001,'31744f7e5638320a2d4c',1322,,831,2,0,129 36 130,0
55001,'553d275f1455102c362a',1702,,842,2,0,129 36 130,0
55001,'725616403949496a5c67',1322,,520,2,0,129 36 130,0
55001,'7f443a14596255477616',1802,,845,2,0,129 36 130,0
55300,'2a5b3362091f52630354',700,,524,3,0,25 26 27 28 29 30,0
55300,'7f443a14596255477616',658,,851,11,0,25 26 27 28 29 30,0
55301,'2a5b3362091f52630354',1650,,528,2,0,117 134 135,0,155,,531,2,0,117 134 135,0,100,,527,2,0,117 134 135,0
55301,'31744f7e5638320a2d4c',1300,,856,2,0,117 147,0
55301,'725616403949496a5c67',1300,,536,2,0,117 134 135,0
55301,'7f443a14596255477616',1650,,857,2,0,140 19 145 146,0,150,,858,2,0,117 147,0,100,,860,2,0,129 131 132,0
