56000,'02070559307629202a09',915,,540,1,0,20 21 22 23 24,0,125,,541,1,0,20 21 22 23 24,0,200,,537,3,0,20 21 22 23 24,0,390,,538,3,0,25 26 27 28 29 30,0,70,,539,1,0,75 76 77,0
56000,'4d7a6615443531084902',930,,549,1,0,20 21 22 23 24,0,210,,550,3,0,20 21 22 23 24,0,190,,546,1,0,20 21 22 23 24,0,290,,547,3,0,10 11 12,0,85,,548,1,0,25 26 27 28 29 30,0
56000,'52166b36781a3037644c',540,,553,1,0,10 11 12,0,10,,554,1,0,25 26 27 28 29 30,0,185,,555,1,0,25 26 27 28 29 30,0,765,,551,1,0,25 26 27 28 29 30,0,355,,552,1,0,20 21 22 23 24,0
56001,'5e2b1a64573d314d5f51',713,,563,14,4,,0,239,,564,40,0,5 6 7,0,184,,565,40,4,,0,612,,560,28,4,,0,169,,561,40,4,,0,134,,562,40,4,,0
56001,'6706020c382341356e26',1035,,567,28,4,,0,214,,568,24,4,,0,267,,569,31,0,5 6 7,0,319,,566,13,4,,0
56001,'734c3e1b1c1138406a07',1416,,572,31,0,5 6 7,0,191,,570,28,4,,0,221,,571,24,4,,0
56600,'1f06603d1d7b4f2e4171',1437,,589,3,0,10 11 12,0,188,,590,1,0,10 11 12,0
56601,'1f06603d1d7b4f2e4171',1140,,596,17,0,5 6 7,0,360,,597,16,4,,0
56900,'1f06603d1d7b4f2e4171',710,,602,13,4,,0,1130,,603,13,4,,0
56901,'1f06603d1d7b4f2e4171',925,,606,1,0,10 11 12,0,730,,607,1,0,75 76 77,0,200,,608,1,0,10 11 12,0
