54001,'1c2e3625233d01453772',722,,763,10,0,58 59,0
54001,'20650565243b6617121a',1102,,765,10,0,58 59,0,225,,764,6,0,58 59,0
54001,'220e7e723c71704c1463',747,,323,10,0,58 59,0,254,,324,10,0,47 48,0,30,,325,10,0,60 61 62 63,0,70,,326,10,0,58 59,0,30,,327,10,0,60 61 62 63,0,70,,328,10,0,47 48,0,30,,329,10,0,60 61 62 63,0,25,,311,10,0,58 59,0,75,,312,10,0,60 61 62 63,0,25,,313,10,0,58 59,0,75,,314,10,0,60 61 62 63,0,25,,315,10,0,58 59,0,75,,316,10,0,60 61 62 63,0,70,,317,10,0,47 48,0,30,,318,10,0,60 61 62 63,0,70,,319,10,0,58 59,0,30,,320,10,0,60 61 62 63,0,25,,321,10,0,47 48,0,75,,322,10,0,60 61 62 63,0
54001,'2a08755845643968295b',707,,330,10,0,58 59,0,149,,334,10,0,58 59,0,1000,,331,10,0,58 59,0,60,,332,10,0,58 59,0,100,,333,10,0,58 59,0
54001,'2a5b3362091f52630354',1004,,356,10,0,60 64,0,100,,357,10,0,60 64,0,200,,358,10,0,60 64,0,200,,359,10,0,60 64,0
54001,'31744f7e5638320a2d4c',1327,,766,7,0,58 59,0
54001,'3b110f002e63067b2820',1004,,767,10,0,60 64,0
54001,'4b486d3f75551347753d',902,,769,10,0,58 59,0,803,,768,6,0,58 59,0
54001,'4f0277002864772e6462',812,,781,10,0,58 59,0,190,,782,10,0,58 59,0,200,,783,10,0,47 48,0,103,,770,6,0,58 59,0,27,,771,10,0,58 59,0,75,,772,10,0,58 59,0,95,,773,10,0,58 59,0,100,,774,10,0,47 48,0,135,,775,10,0,58 59,0,68,,776,6,0,47 48,0,32,,777,10,0,58 59,0,68,,778,6,0,58 59,0,17,,779,10,0,58 59,0,95,,780,10,0,58 59,0
54001,'6f166c68066d266f1856',1104,,784,10,0,60 64,0,200,,785,10,0,60 64,0,200,,786,10,0,60 64,0
54001,'7f443a14596255477616',1717,,787,7,0,58 59,0,105,,788,7,0,58 59,0
54100,'1a20552b5a400f716a1b',829,,363,8,0,60 61 62 63,0,475,,364,8,0,60 61 62 63,0,320,,361,8,0,60 61 62 63,0,200,,362,8,0,60 61 62 63,0
54100,'220e7e723c71704c1463',849,,369,8,0,60 61 62 63,0,100,,370,8,0,60 61 62 63,0,155,,371,8,0,60 61 62 63,0,100,,372,8,0,60 61 62 63,0,100,,373,8,0,60 61 62 63,0,100,,374,8,0,60 61 62 63,0,100,,375,8,0,60 61 62 63,0,100,,365,8,0,60 61 62 63,0,200,,366,8,0,60 61 62 63,0,100,,367,8,0,60 61 62 63,0,100,,368,8,0,60 61 62 63,0
