54001,'0e5131610429337c0530',820,,762,4,0,35 36 37,0
54001,'1c2e3625233d01453772',650,,763,4,0,58 59,0
54001,'20650565243b6617121a',1030,,765,4,0,58 59,0,225,,764,4,0,58 59,0
54001,'220e7e723c71704c1463',722,,323,4,0,58 59,0,211,,324,4,0,47 48,0,70,,325,4,0,60 61 62 63,0,30,,326,4,0,58 59,0,70,,327,4,0,60 61 62 63,0,30,,328,4,0,47 48,0,70,,329,4,0,60 61 62 63,0,25,,311,4,0,58 59,0,75,,312,4,0,60 61 62 63,0,25,,313,4,0,58 59,0,75,,314,4,0,60 61 62 63,0,25,,315,4,0,58 59,0,75,,316,4,0,60 61 62 63,0,30,,317,4,0,47 48,0,70,,318,4,0,60 61 62 63,0,30,,319,4,0,58 59,0,70,,320,4,0,60 61 62 63,0,25,,321,4,0,47 48,0,75,,322,4,0,60 61 62 63,0
54001,'2a08755845643968295b',642,,330,4,0,58 59,0,186,,334,4,0,58 59,0,1000,,331,4,0,58 59,0,20,,332,4,0,58 59,0,100,,333,4,0,58 59,0
54001,'2a5b3362091f52630354',650,,343,4,0,58 59,0,90,,350,4,0,58 59,0,10,,352,4,0,35 45 116,0,80,,353,4,0,58 59,0,100,,354,4,0,58 59,0,3,,356,4,0,60 64,0,100,,357,4,0,60 64,0,97,,355,4,0,47 48,0,103,,358,4,0,60 64,0,2,,335,4,0,58 59,0,65,,336,4,0,58 59,0,35,,337,4,0,58 59,0,95,,338,4,0,58 59,0,3,,359,4,0,60 64,0,97,,339,4,0,47 48,0,105,,340,4,0,58 59,0,10,,341,4,0,58 59,0,60,,342,4,0,58 59,0,30,,344,4,0,47 48,0,15,,345,4,0,58 59,0,55,,346,4,0,58 59,0,30,,347,4,0,58 59,0,15,,348,4,0,58 59,0,95,,349,4,0,58 59,0
54001,'31744f7e5638320a2d4c',1255,,766,4,0,58 59,0
54001,'3b110f002e63067b2820',933,,767,4,0,60 64,0
54001,'4b486d3f75551347753d',830,,769,4,0,58 59,0,805,,768,4,0,58 59,0
54001,'4f0277002864772e6462',740,,781,4,0,58 59,0,190,,782,4,0,58 59,0,200,,783,4,0,47 48,0,105,,770,4,0,58 59,0,65,,771,4,0,58 59,0,35,,772,4,0,58 59,0,95,,773,4,0,58 59,0,100,,774,4,0,47 48,0,175,,775,4,0,58 59,0,30,,776,4,0,47 48,0,70,,777,4,0,58 59,0,30,,778,4,0,58 59,0,15,,779,4,0,58 59,0,95,,780,4,0,58 59,0
54001,'6f166c68066d266f1856',1033,,784,4,0,60 64,0,200,,785,4,0,60 64,0,200,,786,4,0,60 64,0
54001,'725616403949496a5c67',1255,,360,4,0,58 59,0
54001,'7f443a14596255477616',750,,790,4,0,35 45 116,0,895,,787,4,0,58 59,0,105,,788,4,0,58 59,0
54201,'5e2b1a64573d314d5f51',825,,404,4,0,33 19 34,0,398,,405,4,0,33 19 34,0,195,,406,4,0,33 19 34,0,307,,407,4,0,33 19 34,0,75,,408,4,0,33 19 34,0,25,,402,4,0,33 19 34,0,33,,403,4,0,33 19 34,0
54201,'734c3e1b1c1138406a07',713,,411,4,0,33 19 34,0
55301,'1c2e3625233d01453772',1229,,853,4,0,140 19 145 146,0,600,,854,4,0,140 19 145 146,0
55301,'4d7a6615443531084902',1229,,533,4,0,117 17,0,600,,534,4,0,117 17,0
57401,'2910694d611e54493e1f',1723,,678,4,0,41 42 43,0
57401,'5e2b1a64573d314d5f51',838,,680,4,0,41 42 43,0,390,,681,4,0,41 42 43,0,595,,682,4,0,41 42 43,0
57401,'62061874353c664e5006',1638,,683,4,0,41 42 43,0
