51100,'734c3e1b1c1138406a07',710,,64,5,0,61 62 153,0,500,,67,5,0,61 62 153,0,425,,70,5,0,61 62 153,0
51200,'734c3e1b1c1138406a07',730,,79,7,4,,0,685,,80,7,4,,0,390,,81,7,4,,0
52000,'2a5b3362091f52630354',647,,88,7,0,61 74 75 76 77 103,0
52000,'4d7a6615443531084902',526,,89,11,0,61 74 75 76 77 103,0,186,,90,13,0,61 74 75 76 77 103,0,205,,91,11,0,61 74 75 76 77 103,0,203,,92,11,0,61 74 75 76 77 103,0,197,,93,11,0,61 74 75 76 77 103,0,495,,94,13,0,61 74 75 76 77 103,0
52100,'02070559307629202a09',1420,,104,20,0,61 74 75 76 77 103,0
52100,'4d7a6615443531084902',642,,106,21,0,61 74 75 76 77 103,0,103,,107,22,0,61 74 75 76 77 103,0,773,,108,19,0,61 74 75 76 77 103,0,495,,109,19,0,61 74 75 76 77 103,0
56000,'02070559307629202a09',1909,,538,42,0,61 74 75 76 77 103,0
56000,'1a20552b5a400f716a1b',1123,,544,24,0,61 74 75 76 77 103,0,200,,545,24,0,61 74 75 76 77 103,0,400,,542,24,0,61 74 75 76 77 103,0,185,,543,24,0,61 74 75 76 77 103,0
56000,'4d7a6615443531084902',1921,,548,34,0,61 74 75 76 77 103,0
56000,'52166b36781a3037644c',818,,554,37,0,61 74 75 76 77 103,0,194,,555,40,0,61 74 75 76 77 103,0,725,,551,40,0,61 74 75 76 77 103,0
