52400,'7d212b3f2568633b0919',835,,155,1,0,20 73 74,0
56000,'02070559307629202a09',1018,,540,17,0,20 21 22 23 24,0,195,,541,23,0,20 21 22 23 24,0,200,,537,25,0,20 21 22 23 24,0,390,,538,25,0,25 26 27 28 29 30,0
56000,'0a3c663a7d504d200835',1633,,861,24,0,25 26 27 28 29 30,0
56000,'1a20552b5a400f716a1b',1015,,544,7,0,25 26 27 28 29 30,0,200,,545,7,0,25 26 27 28 29 30,0,400,,542,7,0,25 26 27 28 29 30,0,185,,543,7,0,25 26 27 28 29 30,0
56000,'1c2e3625233d01453772',1038,,865,17,0,20 21 22 23 24,0,275,,866,25,0,20 21 22 23 24,0,141,,862,20,0,20 21 22 23 24,0,359,,864,17,0,25 26 27 28 29 30,0
56000,'1f5759673f12020b0a50',1018,,870,17,0,20 21 22 23 24,0,195,,871,23,0,20 21 22 23 24,0,200,,867,25,0,20 21 22 23 24,0,390,,868,25,0,25 26 27 28 29 30,0
56000,'3823594e52252d7f6b14',1015,,874,7,0,25 26 27 28 29 30,0,200,,875,7,0,25 26 27 28 29 30,0,400,,872,7,0,25 26 27 28 29 30,0,185,,873,7,0,25 26 27 28 29 30,0
56000,'4d7a6615443531084902',1038,,549,17,0,20 21 22 23 24,0,275,,550,25,0,20 21 22 23 24,0,141,,546,20,0,20 21 22 23 24,0,359,,548,17,0,25 26 27 28 29 30,0
56000,'4f0277002864772e6462',714,,879,20,0,25 26 27 28 29 30,0,194,,880,23,0,25 26 27 28 29 30,0,725,,876,23,0,25 26 27 28 29 30,0,370,,878,17,0,20 21 22 23 24,0
56000,'52166b36781a3037644c',714,,554,20,0,25 26 27 28 29 30,0,194,,555,23,0,25 26 27 28 29 30,0,725,,551,23,0,25 26 27 28 29 30,0,370,,552,17,0,20 21 22 23 24,0
