54000,'0a2f1e22095132130163',1307,,262,8,0,25 26 27 28 29 30,0
54000,'220e7e723c71704c1463',948,,277,2,0,25 26 27 28 29 30,0,70,,278,16,0,25 26 27 28 29 30,0,95,,279,13,0,25 26 27 28 29 30,0,87,,280,10,0,25 26 27 28 29 30,0,13,,281,13,0,25 26 27 28 29 30,0,87,,282,10,0,25 26 27 28 29 30,0,18,,264,16,0,25 26 27 28 29 30,0,82,,265,10,0,25 26 27 28 29 30,0,33,,266,13,0,25 26 27 28 29 30,0,67,,267,10,0,25 26 27 28 29 30,0,13,,268,16,0,25 26 27 28 29 30,0,87,,269,10,0,25 26 27 28 29 30,0,13,,270,13,0,25 26 27 28 29 30,0,87,,271,10,0,25 26 27 28 29 30,0,13,,272,13,0,25 26 27 28 29 30,0,87,,273,10,0,25 26 27 28 29 30,0,13,,274,13,0,25 26 27 28 29 30,0,30,,275,13,0,25 26 27 28 29 30,0,57,,276,10,0,25 26 27 28 29 30,0
54000,'2a08755845643968295b',708,,283,13,0,25 26 27 28 29 30,0,100,,287,13,0,25 26 27 28 29 30,0,110,,288,13,0,25 26 27 28 29 30,0,1000,,284,16,0,25 26 27 28 29 30,0,100,,285,13,0,25 26 27 28 29 30,0,100,,286,13,0,25 26 27 28 29 30,0
54000,'2a21514a4e2b3103627a',1714,,735,14,0,25 26 27 28 29 30,0
54000,'2a5b3362091f52630354',914,,303,19,0,25 26 27 28 29 30,0,100,,304,22,0,25 26 27 28 29 30,0,100,,305,19,0,25 26 27 28 29 30,0,90,,306,9,0,25 26 27 28 29 30,0,110,,289,19,0,25 26 27 28 29 30,0,110,,290,19,0,25 26 27 28 29 30,0,90,,291,22,0,25 26 27 28 29 30,0,90,,307,9,0,25 26 27 28 29 30,0,10,,292,19,0,25 26 27 28 29 30,0,45,,308,9,0,25 26 27 28 29 30,0,55,,293,20,0,25 26 27 28 29 30,0,100,,296,20,0,25 26 27 28 29 30,0,35,,297,19,0,25 26 27 28 29 30,0,55,,309,9,0,25 26 27 28 29 30,0,10,,298,22,0,25 26 27 28 29 30,0
54000,'31744f7e5638320a2d4c',1307,,736,3,0,25 26 27 28 29 30,0
54000,'3405324d4148757b0d18',1307,,737,2,0,25 26 27 28 29 30,0
54000,'3b110f002e63067b2820',1904,,738,9,0,25 26 27 28 29 30,0
54000,'4222041c237916795e5b',1714,,739,13,0,25 26 27 28 29 30,0
54000,'4b486d3f75551347753d',914,,740,13,0,25 26 27 28 29 30,0,200,,741,13,0,25 26 27 28 29 30,0
54000,'4f0277002864772e6462',1014,,753,16,0,25 26 27 28 29 30,0,300,,742,13,0,25 26 27 28 29 30,0,110,,743,13,0,25 26 27 28 29 30,0,90,,744,16,0,25 26 27 28 29 30,0,100,,745,13,0,25 26 27 28 29 30,0,200,,746,14,0,25 26 27 28 29 30,0,35,,747,13,0,25 26 27 28 29 30,0,65,,748,16,0,25 26 27 28 29 30,0
54000,'56061576073054406d39',1307,,755,2,0,25 26 27 28 29 30,0
54000,'5839460d757725570f41',1514,,756,13,0,25 26 27 28 29 30,0
54000,'6f166c68066d266f1856',1204,,757,9,0,25 26 27 28 29 30,0,400,,758,9,0,25 26 27 28 29 30,0,55,,759,9,0,25 26 27 28 29 30,0
54000,'725616403949496a5c67',1307,,310,9,0,25 26 27 28 29 30,0
57400,'184134507f4517151633',641,,925,4,0,25 26 27 28 29 30,0
57400,'5e2b1a64573d314d5f51',710,,672,6,0,25 26 27 28 29 30,0,596,,673,4,0,25 26 27 28 29 30,0,410,,674,4,0,25 26 27 28 29 30,0
57400,'62061874353c664e5006',651,,676,4,0,25 26 27 28 29 30,0,98,,677,4,0,25 26 27 28 29 30,0
57401,'57250a1f2855612e2d17',1259,,679,7,0,41 42 43,0
57401,'62061874353c664e5006',1654,,683,10,0,41 42 43,0,105,,684,7,0,41 42 43,0,100,,685,7,0,41 42 43,0
