55000,'0a2f1e22095132130163',1655,,438,10,0,35 38,0,93,,439,10,0,35 38,0,107,,441,10,0,35 38,0
55000,'2a5b3362091f52630354',727,,458,10,0,35 36 37,0
55000,'725616403949496a5c67',1348,,469,10,0,35 38,0
55001,'0a2f1e22095132130163',1732,,479,9,0,129 36 130,0
55001,'2a5b3362091f52630354',705,,507,8,0,123 121 124,0,1127,,503,9,0,129 36 130,0
55001,'725616403949496a5c67',1352,,520,9,0,129 36 130,0
55300,'2a08755845643968295b',623,,521,4,0,25 26 27 28 29 30,0
55300,'2a5b3362091f52630354',630,,522,9,0,25 26 27 28 29 30,0,93,,525,4,0,25 26 27 28 29 30,0
55300,'4d7a6615443531084902',1353,,526,4,0,25 26 27 28 29 30,0
55301,'2a5b3362091f52630354',1708,,529,9,0,140 141 142,0,110,,530,9,0,129 131 132,0,100,,532,9,0,129 131 132,0
55301,'4d7a6615443531084902',1308,,533,16,0,117 17,0,600,,534,16,0,117 17,0
55301,'725616403949496a5c67',1318,,535,9,0,129 131 132,0
