55000,'02070559307629202a09',907,,435,22,0,22 23 24,0,200,,436,22,0,22 23 24,0,100,,437,22,0,22 23 24,0,200,,432,22,0,22 23 24,0,200,,433,22,0,22 23 24,0,140,,434,22,0,22 23 24,0
55000,'0a2f1e22095132130163',1724,,438,19,0,22 40,0,35,,440,14,0,41 26,0,165,,441,19,0,22 40,0
55000,'2a08755845643968295b',732,,446,17,0,22 23 24,0,200,,447,17,0,22 23 24,0,100,,449,17,0,22 23 24,0,300,,442,17,0,22 23 24,0,490,,445,18,0,22 23 24,0
55000,'2a5b3362091f52630354',740,,457,4,0,22 23 24,0,190,,459,17,0,22 40,0,100,,461,17,0,22 40,0,300,,453,22,0,22 40,0
55000,'5a5962265f3f1c435f26',1002,,463,22,0,22 23 24,0,400,,462,22,0,22 23 24,0
55000,'62061874353c664e5006',814,,466,3,0,42 43,0
55000,'725616403949496a5c67',1359,,468,9,0,41 26,0,461,,470,18,0,22 44,0
55001,'02070559307629202a09',827,,475,7,0,70 68 71,0,200,,476,7,0,70 68 71,0,300,,471,7,0,70 68 71,0,205,,472,7,0,70 68 71,0,200,,473,7,0,70 68 71,0,100,,474,7,0,70 68 71,0
55001,'0a2f1e22095132130163',1332,,477,11,0,78 79 65 80,0,383,,478,5,0,67 11,0
55001,'26316a4c147077516358',1605,,481,2,0,45 46 47,0,110,,483,2,0,45 46 47,0
55001,'2a08755845643968295b',742,,490,7,0,70 68 71,0,105,,493,7,0,78 79 65 80,0,180,,494,7,0,78 79 65 80,0,305,,484,7,0,78 79 65 80,0,270,,486,7,0,78 79 65 80,0,215,,489,7,0,78 79 65 80,0
55001,'2a5b3362091f52630354',655,,501,3,0,70 68 71,0,87,,508,10,0,70 68 71,0,105,,509,10,0,78 79 65 80,0,180,,511,10,0,78 79 65 80,0,530,,499,11,0,78 79 65 80,0,255,,505,11,0,78 79 65 80,0,3,,504,5,0,67 11,0
55001,'57250a1f2855612e2d17',1245,,516,2,0,45 46 47,0
55001,'5a5962265f3f1c435f26',1112,,518,7,0,70 68 71,0,625,,517,7,0,70 68 71,0
55001,'725616403949496a5c67',1335,,519,5,0,67 11,0
55300,'2a08755845643968295b',637,,521,10,0,73 61 74 75 76 77,0
55300,'2a5b3362091f52630354',648,,522,16,0,73 61 74 75 76 77,0,89,,525,10,0,73 61 74 75 76 77,0
55300,'4d7a6615443531084902',1407,,526,10,0,73 61 74 75 76 77,0
55301,'2a5b3362091f52630354',1654,,529,2,0,91 92 93,0,150,,530,2,0,81 83 84,0,100,,532,2,0,81 83 84,0
55301,'4d7a6615443531084902',1255,,533,10,0,67 11,0,600,,534,10,0,67 11,0
55301,'725616403949496a5c67',1304,,535,2,0,81 83 84,0
