55001,'02070559307629202a09',830,,475,8,0,123 121 124,0,200,,476,8,0,123 121 124,0,300,,471,8,0,123 121 124,0,205,,472,8,0,123 121 124,0,200,,473,8,0,123 121 124,0,100,,474,8,0,123 121 124,0
55001,'0a2f1e22095132130163',1335,,477,12,0,125 126 45 127,0,382,,478,6,0,117 17,0
55001,'14187635613e43612170',745,,824,8,0,123 121 124,0,105,,825,8,0,125 126 45 127,0,180,,826,8,0,125 126 45 127,0,785,,823,9,0,125 126 45 127,0
55001,'2a08755845643968295b',745,,490,8,0,123 121 124,0,105,,493,8,0,125 126 45 127,0,180,,494,8,0,125 126 45 127,0,305,,484,8,0,125 126 45 127,0,270,,486,8,0,125 126 45 127,0,215,,489,8,0,125 126 45 127,0
55001,'2a5b3362091f52630354',658,,501,4,0,123 121 124,0,87,,508,11,0,123 121 124,0,105,,509,11,0,125 126 45 127,0,180,,511,11,0,125 126 45 127,0,570,,499,12,0,125 126 45 127,0,215,,505,12,0,125 126 45 127,0,2,,504,6,0,117 17,0
55001,'31744f7e5638320a2d4c',1337,,830,5,0,117 17,0
55001,'3405324d4148757b0d18',1335,,832,9,0,125 126 45 127,0
55001,'4f0277002864772e6462',1600,,836,9,0,125 126 45 127,0
55001,'553d275f1455102c362a',1717,,841,5,0,117 17,0
55001,'56061576073054406d39',1335,,843,9,0,125 126 45 127,0
55001,'5a5962265f3f1c435f26',1115,,518,8,0,123 121 124,0,625,,517,8,0,123 121 124,0
55001,'725616403949496a5c67',1337,,519,6,0,117 17,0
55001,'7f443a14596255477616',658,,844,4,0,123 121 124,0,1159,,846,5,0,117 17,0
55300,'1c2e3625233d01453772',1406,,848,10,0,25 26 27 28 29 30,0
55300,'2a08755845643968295b',636,,521,9,0,25 26 27 28 29 30,0
55300,'2a5b3362091f52630354',647,,522,15,0,25 26 27 28 29 30,0,89,,525,9,0,25 26 27 28 29 30,0
55300,'4d7a6615443531084902',1406,,526,9,0,25 26 27 28 29 30,0
55300,'59737b0d0f044b52693e',636,,849,10,0,25 26 27 28 29 30,0
55300,'7f443a14596255477616',643,,851,7,0,25 26 27 28 29 30,0,93,,852,10,0,25 26 27 28 29 30,0
55301,'1c2e3625233d01453772',1258,,853,11,0,140 19 145 146,0,600,,854,11,0,140 19 145 146,0
55301,'2a5b3362091f52630354',1655,,529,3,0,140 141 142,0,150,,530,3,0,129 131 132,0,100,,532,3,0,129 131 132,0
55301,'31744f7e5638320a2d4c',1312,,856,6,0,117 147,0
55301,'4d7a6615443531084902',1257,,533,11,0,117 17,0,600,,534,11,0,117 17,0
55301,'725616403949496a5c67',1305,,535,3,0,129 131 132,0
55301,'7f443a14596255477616',1705,,857,9,0,140 19 145 146,0,107,,858,6,0,117 147,0,103,,860,9,0,129 131 132,0
