51100,'734c3e1b1c1138406a07',825,,65,3,0,95 96,0,200,,66,3,0,95 96,0,280,,68,3,0,95 96,0,150,,69,3,0,95 96,0
52001,'1c2e3625233d01453772',813,,718,8,0,20 21 22 23 24,0,45,,720,11,0,20 21 22 23 24,0,189,,722,8,0,20 21 22 23 24,0,212,,708,8,0,98 50,0,80,,709,11,0,20 21 22 23 24,0,105,,710,8,0,20 21 22 23 24,0,200,,712,8,0,98 50,0,263,,714,8,0,97 36,0,22,,715,11,0,20 21 22 23 24,0,78,,716,8,0,20 21 22 23 24,0
52001,'1f5759673f12020b0a50',1144,,727,8,0,97 36,0
52001,'2a5b3362091f52630354',1710,,95,8,0,20 21 22 23 24,0,100,,96,8,0,20 21 22 23 24,0
52001,'31744f7e5638320a2d4c',1320,,729,8,0,20 21 22 23 24,0
52001,'4d7a6615443531084902',810,,97,8,0,20 21 22 23 24,0,35,,98,8,0,20 21 22 23 24,0,200,,99,8,0,20 21 22 23 24,0,279,,100,8,0,20 21 22 23 24,0,120,,101,8,0,20 21 22 23 24,0,480,,102,8,0,20 21 22 23 24,0
52001,'59737b0d0f044b52693e',1811,,730,11,0,98 50,0
52001,'725616403949496a5c67',1320,,103,8,0,20 21 22 23 24,0
52001,'7f443a14596255477616',1722,,732,11,0,20 21 22 23 24,0,102,,734,11,0,20 21 22 23 24,0
52101,'02070559307629202a09',1143,,110,8,0,97 36,0
52101,'2a08755845643968295b',1808,,111,8,0,98 50,0
52101,'4d7a6615443531084902',1253,,114,8,0,98 50,0,390,,115,8,0,98 50,0,265,,116,8,0,97 36,0,100,,117,8,0,98 50,0
56001,'1f06603d1d7b4f2e4171',859,,558,4,0,67 19 23 68,0,385,,559,4,0,67 19 23 68,0,200,,556,4,0,67 37,0,405,,557,4,0,67 37,0
56001,'5e2b1a64573d314d5f51',719,,564,4,0,5 6 7,0,140,,565,4,0,8 9,0,785,,561,4,0,8 9,0,170,,562,4,0,8 9,0
