51100,'734c3e1b1c1138406a07',826,,65,4,0,95 96,0,200,,66,4,0,95 96,0,280,,68,4,0,95 96,0,150,,69,4,0,95 96,0
52001,'1c2e3625233d01453772',815,,718,9,0,20 21 22 23 24,0,85,,720,12,0,20 21 22 23 24,0,148,,722,9,0,20 21 22 23 24,0,253,,708,9,0,98 50,0,40,,709,12,0,20 21 22 23 24,0,104,,710,9,0,20 21 22 23 24,0,200,,712,9,0,98 50,0,263,,714,9,0,97 36,0,22,,715,12,0,20 21 22 23 24,0,78,,716,9,0,20 21 22 23 24,0
52001,'1f5759673f12020b0a50',1145,,727,9,0,97 36,0
52001,'2a5b3362091f52630354',1711,,95,9,0,20 21 22 23 24,0,100,,96,9,0,20 21 22 23 24,0
52001,'31744f7e5638320a2d4c',1321,,729,9,0,20 21 22 23 24,0
52001,'4d7a6615443531084902',811,,97,9,0,20 21 22 23 24,0,35,,98,9,0,20 21 22 23 24,0,200,,99,9,0,20 21 22 23 24,0,279,,100,9,0,20 21 22 23 24,0,120,,101,9,0,20 21 22 23 24,0,480,,102,9,0,20 21 22 23 24,0
52001,'59737b0d0f044b52693e',1812,,730,12,0,98 50,0
52001,'725616403949496a5c67',1321,,103,9,0,20 21 22 23 24,0
52001,'7f443a14596255477616',1723,,732,12,0,20 21 22 23 24,0,102,,734,12,0,20 21 22 23 24,0
52101,'02070559307629202a09',1144,,110,9,0,97 36,0
52101,'2a08755845643968295b',1809,,111,9,0,98 50,0
52101,'4d7a6615443531084902',1254,,114,9,0,98 50,0,390,,115,9,0,98 50,0,265,,116,9,0,97 36,0,100,,117,9,0,98 50,0
56001,'1f06603d1d7b4f2e4171',900,,558,5,0,67 19 23 68,0,345,,559,5,0,67 19 23 68,0,200,,556,5,0,67 37,0,405,,557,5,0,67 37,0
56001,'5e2b1a64573d314d5f51',720,,564,5,0,5 6 7,0,180,,565,5,0,8 9,0,745,,561,5,0,8 9,0,170,,562,5,0,8 9,0
