55000,'02070559307629202a09',844,,435,13,0,35 36 37,0,200,,436,13,0,35 36 37,0,100,,437,13,0,35 36 37,0,200,,432,13,0,35 36 37,0,200,,433,13,0,35 36 37,0,180,,434,13,0,35 36 37,0
55000,'0a067c057b2b05087239',707,,801,8,0,35 45 116,0
55000,'0a2f1e22095132130163',1643,,438,8,0,35 38,0,100,,439,8,0,35 38,0,100,,441,8,0,35 38,0
55000,'14187635613e43612170',907,,803,8,0,35 45 116,0,100,,804,8,0,35 45 116,0,300,,802,13,0,35 45 116,0
55000,'1a223768176411647430',1757,,805,9,0,35 45 116,0
55000,'2a08755845643968295b',709,,446,8,0,35 36 37,0,200,,447,8,0,35 36 37,0,100,,449,8,0,35 36 37,0,300,,442,8,0,35 36 37,0,450,,445,9,0,35 36 37,0
55000,'2a5b3362091f52630354',722,,458,8,0,35 36 37,0,185,,459,8,0,35 38,0,100,,461,8,0,35 38,0,300,,453,13,0,35 38,0
55000,'31744f7e5638320a2d4c',1343,,809,8,0,35 45 116,0
55000,'553d275f1455102c362a',1643,,814,8,0,35 45 116,0,100,,815,8,0,35 45 116,0,100,,817,8,0,35 45 116,0
55000,'56061576073054406d39',1757,,818,9,0,35 45 116,0
55000,'5a5962265f3f1c435f26',939,,463,13,0,35 36 37,0,400,,462,13,0,35 36 37,0
55000,'725616403949496a5c67',1343,,469,8,0,35 38,0,414,,470,9,0,35 81,0
55000,'7f443a14596255477616',722,,822,8,0,35 36 37,0
55301,'2a5b3362091f52630354',1711,,529,11,0,140 141 142,0,110,,530,11,0,129 131 132,0,100,,532,11,0,129 131 132,0
55301,'4d7a6615443531084902',1312,,533,18,0,117 17,0,600,,534,18,0,117 17,0
55301,'725616403949496a5c67',1321,,535,11,0,129 131 132,0
