52101,'02070559307629202a09',1223,,110,20,,,0
52101,'2a08755845643968295b',1848,,111,20,0,55 56,0
52101,'2a5b3362091f52630354',1731,,112,12,0,55 56,0,100,,113,12,0,55 56,0
52101,'4d7a6615443531084902',1333,,114,20,0,55 56,0,390,,115,20,0,55 56,0,225,,116,20,,,0,100,,117,20,0,55 56,0
52101,'725616403949496a5c67',1341,,118,12,0,55 56,0
52201,'02070559307629202a09',1104,,128,3,0,55 56,0,600,,129,3,0,55 56,0,200,,130,3,,,0
52201,'4d7a6615443531084902',804,,131,3,,,0,200,,132,3,0,55 56,0,200,,133,3,,,0,400,,134,3,0,55 56,0
52201,'52166b36781a3037644c',904,,135,3,0,55 56,0
52301,'6706020c382341356e26',1233,,146,4,0,63 64,0,425,,147,4,0,63 64,0
52301,'734c3e1b1c1138406a07',658,,148,4,0,63 64,0,145,,149,4,0,63 64,0,200,,151,4,0,63 64,0,200,,150,4,,,0,200,,152,4,0,63 64,0,200,,153,4,0,63 64,0,210,,154,4,,,0
52401,'7d212b3f2568633b0919',1118,,156,4,,,0
52501,'5e2b1a64573d314d5f51',1223,,160,4,,,0,505,,161,4,,,0
52501,'734c3e1b1c1138406a07',728,,162,4,,,0
56001,'1f06603d1d7b4f2e4171',922,,558,12,0,35 26 15 36,0,385,,559,12,0,35 26 15 36,0,200,,556,12,0,35 24,0,405,,557,12,0,35 24,0
56001,'5e2b1a64573d314d5f51',744,,564,12,,,0,183,,565,12,0,5 6,0,610,,560,3,0,5 6,0,172,,561,12,0,5 6,0,133,,562,12,0,5 6,0
56001,'6706020c382341356e26',836,,567,3,0,5 6,0,267,,568,3,0,5 6,0,205,,569,3,,,0
56001,'734c3e1b1c1138406a07',1208,,572,3,,,0,200,,570,3,0,5 6,0,238,,571,3,0,5 6,0
