55000,'02070559307629202a09',857,,435,18,0,35 36 37,0,200,,436,18,0,35 36 37,0,100,,437,18,0,35 36 37,0,200,,432,18,0,35 36 37,0,200,,433,18,0,35 36 37,0,180,,434,18,0,35 36 37,0
55000,'0a067c057b2b05087239',720,,801,13,0,35 45 116,0
55000,'0a2f1e22095132130163',1711,,438,15,0,35 38,0,39,,440,10,0,78 19,0,161,,441,15,0,35 38,0
55000,'14187635613e43612170',920,,803,13,0,35 45 116,0,100,,804,13,0,35 45 116,0,300,,802,18,0,35 45 116,0
55000,'1a223768176411647430',1810,,805,14,0,35 45 116,0
55000,'2a08755845643968295b',722,,446,13,0,35 36 37,0,200,,447,13,0,35 36 37,0,100,,449,13,0,35 36 37,0,300,,442,13,0,35 36 37,0,490,,445,14,0,35 36 37,0
55000,'2a5b3362091f52630354',732,,456,3,0,35 36 37,0,3,,457,3,0,35 36 37,0,185,,459,13,0,35 38,0,100,,461,13,0,35 38,0,300,,453,18,0,35 38,0
55000,'31744f7e5638320a2d4c',1350,,808,5,0,78 19,0
55000,'553d275f1455102c362a',1711,,814,15,0,35 45 116,0,39,,816,10,0,78 19,0,161,,817,15,0,35 45 116,0
55000,'56061576073054406d39',1810,,818,14,0,35 45 116,0
55000,'5a5962265f3f1c435f26',952,,463,18,0,35 36 37,0,400,,462,18,0,35 36 37,0
55000,'725616403949496a5c67',1350,,468,5,0,78 19,0,460,,470,14,0,35 81,0
55000,'7f443a14596255477616',732,,820,3,0,35 36 37,0,3,,821,3,0,35 36 37,0
55300,'1c2e3625233d01453772',1400,,848,7,0,25 26 27 28 29 30,0
55300,'2a08755845643968295b',630,,521,6,0,25 26 27 28 29 30,0
55300,'2a5b3362091f52630354',638,,522,12,0,25 26 27 28 29 30,0,92,,525,6,0,25 26 27 28 29 30,0
55300,'4d7a6615443531084902',1400,,526,6,0,25 26 27 28 29 30,0
55300,'59737b0d0f044b52693e',630,,849,7,0,25 26 27 28 29 30,0
55300,'7f443a14596255477616',636,,851,4,0,25 26 27 28 29 30,0,94,,852,7,0,25 26 27 28 29 30,0
55301,'1c2e3625233d01453772',1304,,853,14,0,140 19 145 146,0,600,,854,14,0,140 19 145 146,0
55301,'31744f7e5638320a2d4c',1318,,856,9,0,117 147,0
55301,'7f443a14596255477616',1711,,857,12,0,140 19 145 146,0,107,,858,9,0,117 147,0,103,,860,12,0,129 131 132,0
