54200,'5e2b1a64573d314d5f51',707,,392,13,0,25 26 27 28 29 30,0,600,,395,15,0,25 26 27 28 29 30,0,302,,396,13,0,25 26 27 28 29 30,0,143,,391,13,0,25 26 27 28 29 30,0
54200,'62061874353c664e5006',650,,397,1,0,25 26 27 28 29 30,0
54200,'734c3e1b1c1138406a07',742,,400,13,0,25 26 27 28 29 30,0
54201,'57250a1f2855612e2d17',1254,,401,7,0,33 19 34,0
54201,'5e2b1a64573d314d5f51',842,,404,10,0,33 19 34,0,396,,405,10,0,33 19 34,0,195,,406,10,0,33 19 34,0,309,,407,10,0,33 19 34,0,100,,402,10,0,33 19 34,0,71,,403,10,0,33 19 34,0
54201,'62061874353c664e5006',1646,,409,7,0,33 19 34,0,110,,410,7,0,33 19 34,0
54300,'220e7e723c71704c1463',706,,412,7,0,35 36 37,0,400,,413,7,0,35 36 37,0,300,,414,7,0,35 36 37,0,200,,415,7,0,35 36 37,0,225,,416,7,0,35 36 37,0
54300,'2a5b3362091f52630354',701,,417,7,0,35 38,0,400,,418,7,0,35 38,0,300,,419,7,0,35 38,0,200,,420,7,0,35 38,0,225,,421,7,0,35 38,0
54300,'4f0277002864772e6462',701,,791,7,0,35 45 116,0,400,,792,7,0,35 45 116,0,300,,793,7,0,35 45 116,0,200,,794,7,0,35 45 116,0,225,,795,7,0,35 45 116,0
54301,'220e7e723c71704c1463',848,,422,16,0,39 40,0,400,,423,16,0,39 40,0,100,,424,16,0,39 40,0,400,,425,16,0,39 40,0,100,,426,16,0,39 40,0
54301,'2a5b3362091f52630354',850,,427,19,0,39 40,0,400,,428,19,0,39 40,0,100,,429,19,0,39 40,0,400,,430,19,0,39 40,0,100,,431,19,0,39 40,0
54301,'4f0277002864772e6462',850,,796,16,0,39 40,0,400,,797,16,0,39 40,0,100,,798,16,0,39 40,0,400,,799,16,0,39 40,0,100,,800,16,0,39 40,0
