56000,'02070559307629202a09',947,,540,11,0,20 21 22 23 24,0,193,,541,17,0,20 21 22 23 24,0,200,,537,19,0,20 21 22 23 24,0,390,,538,19,0,25 26 27 28 29 30,0,7,,539,11,0,75 76 77,0
56000,'0a3c663a7d504d200835',1557,,861,17,0,25 26 27 28 29 30,0
56000,'1a20552b5a400f716a1b',945,,544,1,0,25 26 27 28 29 30,0,200,,545,1,0,25 26 27 28 29 30,0,400,,542,1,0,25 26 27 28 29 30,0,185,,543,1,0,25 26 27 28 29 30,0
56000,'1c2e3625233d01453772',1007,,865,11,0,20 21 22 23 24,0,233,,866,19,0,20 21 22 23 24,0,181,,862,14,0,20 21 22 23 24,0,299,,863,19,0,10 11 12,0,22,,864,11,0,25 26 27 28 29 30,0
56000,'1f5759673f12020b0a50',947,,870,11,0,20 21 22 23 24,0,193,,871,17,0,20 21 22 23 24,0,200,,867,19,0,20 21 22 23 24,0,390,,868,19,0,25 26 27 28 29 30,0,7,,869,11,0,75 76 77,0
56000,'3823594e52252d7f6b14',945,,874,1,0,25 26 27 28 29 30,0,200,,875,1,0,25 26 27 28 29 30,0,400,,872,1,0,25 26 27 28 29 30,0,185,,873,1,0,25 26 27 28 29 30,0
56000,'4d7a6615443531084902',1007,,549,11,0,20 21 22 23 24,0,233,,550,19,0,20 21 22 23 24,0,181,,546,14,0,20 21 22 23 24,0,299,,547,19,0,10 11 12,0,22,,548,11,0,25 26 27 28 29 30,0
56000,'4f0277002864772e6462',641,,879,14,0,25 26 27 28 29 30,0,194,,880,17,0,25 26 27 28 29 30,0,765,,876,17,0,25 26 27 28 29 30,0,332,,878,11,0,20 21 22 23 24,0
56000,'52166b36781a3037644c',641,,554,14,0,25 26 27 28 29 30,0,194,,555,17,0,25 26 27 28 29 30,0,765,,551,17,0,25 26 27 28 29 30,0,332,,552,11,0,20 21 22 23 24,0
56901,'1f06603d1d7b4f2e4171',1010,,606,11,0,10 11 12,0,730,,607,11,0,75 76 77,0,200,,608,11,0,10 11 12,0
56901,'5e2b1a64573d314d5f51',1352,,609,15,0,18 19,0,455,,610,15,0,18 19,0
