54001,'1c2e3625233d01453772',756,,763,18,0,58 59,0
54001,'20650565243b6617121a',1136,,765,18,0,58 59,0,265,,764,14,0,58 59,0
54001,'220e7e723c71704c1463',816,,323,18,0,58 59,0,216,,324,18,0,47 48,0,100,,326,18,0,58 59,0,100,,328,18,0,47 48,0,95,,311,18,0,58 59,0,100,,313,18,0,58 59,0,100,,315,18,0,58 59,0,105,,317,18,0,47 48,0,100,,319,18,0,58 59,0,95,,321,18,0,47 48,0
54001,'2a08755845643968295b',736,,330,18,0,58 59,0,191,,334,18,0,58 59,0,1000,,331,18,0,58 59,0,20,,332,18,0,58 59,0,100,,333,18,0,58 59,0
54001,'2a5b3362091f52630354',756,,343,24,0,58 59,0,90,,350,24,0,58 59,0,90,,353,24,0,58 59,0,100,,354,24,0,58 59,0,200,,355,24,0,47 48,0,103,,335,20,0,58 59,0,67,,336,24,0,58 59,0,35,,337,24,0,58 59,0,95,,338,24,0,58 59,0,100,,339,24,0,47 48,0,103,,340,20,0,58 59,0,12,,341,21,0,58 59,0,60,,342,24,0,58 59,0,28,,344,20,0,47 48,0,17,,345,21,0,58 59,0,55,,346,24,0,58 59,0,28,,347,20,0,58 59,0,17,,348,24,0,58 59,0,95,,349,24,0,58 59,0
54001,'31744f7e5638320a2d4c',1401,,766,15,0,58 59,0
54001,'4b486d3f75551347753d',936,,769,18,0,58 59,0,803,,768,14,0,58 59,0
54001,'4f0277002864772e6462',846,,781,18,0,58 59,0,190,,782,18,0,58 59,0,200,,783,18,0,47 48,0,103,,770,14,0,58 59,0,67,,771,18,0,58 59,0,35,,772,18,0,58 59,0,95,,773,18,0,58 59,0,100,,774,18,0,47 48,0,175,,775,18,0,58 59,0,28,,776,14,0,47 48,0,72,,777,18,0,58 59,0,28,,778,14,0,58 59,0,17,,779,18,0,58 59,0,95,,780,18,0,58 59,0
54001,'725616403949496a5c67',1401,,360,21,0,58 59,0
54001,'7f443a14596255477616',1751,,787,15,0,58 59,0,105,,788,15,0,58 59,0
