51101,'734c3e1b1c1138406a07',901,,72,11,0,104 105,0,200,,73,11,0,104 105,0,240,,74,11,0,104 105,0,190,,76,11,0,104 105,0
52000,'1c2e3625233d01453772',532,,693,9,0,25 26 27 28 29 30,0,105,,696,19,0,25 26 27 28 29 30,0,69,,697,11,0,25 26 27 28 29 30,0,33,,698,20,0,25 26 27 28 29 30,0,175,,700,9,0,25 26 27 28 29 30,0,200,,687,9,0,25 26 27 28 29 30,0,200,,689,9,0,25 26 27 28 29 30,0,197,,690,17,0,25 26 27 28 29 30,0,304,,692,11,0,25 26 27 28 29 30,0,190,,695,17,0,25 26 27 28 29 30,0
52000,'1f5759673f12020b0a50',1415,,702,18,0,25 26 27 28 29 30,0
52000,'2a5b3362091f52630354',641,,88,5,0,25 26 27 28 29 30,0
52000,'4d7a6615443531084902',523,,89,9,0,25 26 27 28 29 30,0,183,,90,11,0,25 26 27 28 29 30,0,205,,91,9,0,25 26 27 28 29 30,0,203,,92,9,0,25 26 27 28 29 30,0,197,,93,9,0,25 26 27 28 29 30,0,495,,94,11,0,25 26 27 28 29 30,0
52000,'7f443a14596255477616',641,,706,5,0,25 26 27 28 29 30,0
52100,'02070559307629202a09',1414,,104,18,0,25 26 27 28 29 30,0
52100,'4d7a6615443531084902',636,,106,19,0,25 26 27 28 29 30,0,103,,107,20,0,25 26 27 28 29 30,0,773,,108,17,0,25 26 27 28 29 30,0,495,,109,17,0,25 26 27 28 29 30,0
56000,'02070559307629202a09',1907,,538,41,0,25 26 27 28 29 30,0
56000,'0a3c663a7d504d200835',1735,,861,40,0,25 26 27 28 29 30,0
56000,'1a20552b5a400f716a1b',1121,,544,23,0,25 26 27 28 29 30,0,200,,545,23,0,25 26 27 28 29 30,0,400,,542,23,0,25 26 27 28 29 30,0,185,,543,23,0,25 26 27 28 29 30,0
56000,'1c2e3625233d01453772',1919,,864,33,0,25 26 27 28 29 30,0
56000,'1f5759673f12020b0a50',1907,,868,41,0,25 26 27 28 29 30,0
56000,'3823594e52252d7f6b14',1121,,874,23,0,25 26 27 28 29 30,0,200,,875,23,0,25 26 27 28 29 30,0,400,,872,23,0,25 26 27 28 29 30,0,185,,873,23,0,25 26 27 28 29 30,0
56000,'4d7a6615443531084902',1919,,548,33,0,25 26 27 28 29 30,0
56000,'4f0277002864772e6462',816,,879,36,0,25 26 27 28 29 30,0,194,,880,39,0,25 26 27 28 29 30,0,725,,876,39,0,25 26 27 28 29 30,0
56000,'52166b36781a3037644c',816,,554,36,0,25 26 27 28 29 30,0,194,,555,39,0,25 26 27 28 29 30,0,725,,551,39,0,25 26 27 28 29 30,0
