54001,'1c2e3625233d01453772',800,,763,19,0,58 59,0
54001,'20650565243b6617121a',1140,,765,19,0,58 59,0,265,,764,15,0,58 59,0
54001,'220e7e723c71704c1463',819,,323,19,0,58 59,0,216,,324,19,0,47 48,0,100,,326,19,0,58 59,0,100,,328,19,0,47 48,0,95,,311,19,0,58 59,0,100,,313,19,0,58 59,0,100,,315,19,0,58 59,0,105,,317,19,0,47 48,0,100,,319,19,0,58 59,0,95,,321,19,0,47 48,0
54001,'2a08755845643968295b',739,,330,19,0,58 59,0,191,,334,19,0,58 59,0,1000,,331,19,0,58 59,0,20,,332,19,0,58 59,0,100,,333,19,0,58 59,0
54001,'2a5b3362091f52630354',800,,343,25,0,58 59,0,50,,350,25,0,58 59,0,90,,353,25,0,58 59,0,100,,354,25,0,58 59,0,200,,355,25,0,47 48,0,105,,335,21,0,58 59,0,65,,336,25,0,58 59,0,35,,337,25,0,58 59,0,95,,338,25,0,58 59,0,100,,339,25,0,47 48,0,105,,340,21,0,58 59,0,10,,341,22,0,58 59,0,60,,342,25,0,58 59,0,30,,344,21,0,47 48,0,55,,345,22,0,58 59,0,15,,346,25,0,58 59,0,30,,347,21,0,58 59,0,55,,348,25,0,58 59,0,55,,349,25,0,58 59,0
54001,'31744f7e5638320a2d4c',1405,,766,16,0,58 59,0
54001,'4b486d3f75551347753d',940,,769,19,0,58 59,0,805,,768,15,0,58 59,0
54001,'4f0277002864772e6462',850,,781,19,0,58 59,0,190,,782,19,0,58 59,0,200,,783,19,0,47 48,0,105,,770,15,0,58 59,0,65,,771,19,0,58 59,0,35,,772,19,0,58 59,0,95,,773,19,0,58 59,0,100,,774,19,0,47 48,0,175,,775,19,0,58 59,0,30,,776,15,0,47 48,0,70,,777,19,0,58 59,0,30,,778,15,0,58 59,0,55,,779,19,0,58 59,0,55,,780,19,0,58 59,0
54001,'725616403949496a5c67',1405,,360,22,0,58 59,0
54001,'7f443a14596255477616',1755,,787,16,0,58 59,0,145,,788,16,0,58 59,0
