55001,'02070559307629202a09',824,,475,6,0,123 121 124,0,200,,476,6,0,123 121 124,0,300,,471,6,0,123 121 124,0,205,,472,6,0,123 121 124,0,200,,473,6,0,123 121 124,0,100,,474,6,0,123 121 124,0
55001,'0a2f1e22095132130163',1329,,477,10,0,125 126 45 127,0,391,,479,7,0,129 36 130,0
55001,'14187635613e43612170',739,,824,6,0,123 121 124,0,105,,825,6,0,125 126 45 127,0,180,,826,6,0,125 126 45 127,0,785,,823,7,0,125 126 45 127,0
55001,'2a08755845643968295b',739,,490,6,0,123 121 124,0,105,,493,6,0,125 126 45 127,0,180,,494,6,0,125 126 45 127,0,305,,484,6,0,125 126 45 127,0,230,,486,6,0,125 126 45 127,0,255,,489,6,0,125 126 45 127,0
55001,'2a5b3362091f52630354',652,,507,7,0,123 121 124,0,87,,508,9,0,123 121 124,0,105,,509,9,0,125 126 45 127,0,180,,511,9,0,125 126 45 127,0,530,,499,10,0,125 126 45 127,0,255,,505,10,0,125 126 45 127,0,11,,503,7,0,129 36 130,0
55001,'31744f7e5638320a2d4c',1340,,831,7,0,129 36 130,0
55001,'3405324d4148757b0d18',1329,,832,7,0,125 126 45 127,0
55001,'4f0277002864772e6462',1554,,836,7,0,125 126 45 127,0
55001,'553d275f1455102c362a',1720,,842,7,0,129 36 130,0
55001,'56061576073054406d39',1329,,843,7,0,125 126 45 127,0
55001,'5a5962265f3f1c435f26',1109,,518,6,0,123 121 124,0,625,,517,6,0,123 121 124,0
55001,'725616403949496a5c67',1340,,520,7,0,129 36 130,0
55001,'7f443a14596255477616',652,,847,4,0,123 121 124,0,1168,,845,7,0,129 36 130,0
55301,'1c2e3625233d01453772',1254,,853,9,0,140 19 145 146,0,600,,854,9,0,140 19 145 146,0
55301,'2a5b3362091f52630354',1702,,528,7,0,117 134 135,0,115,,531,7,0,117 134 135,0,100,,527,7,0,117 134 135,0
55301,'31744f7e5638320a2d4c',1307,,855,4,0,129 131 132,0
55301,'4d7a6615443531084902',1254,,533,9,0,117 17,0,600,,534,9,0,117 17,0
55301,'725616403949496a5c67',1312,,536,7,0,117 134 135,0
55301,'7f443a14596255477616',1701,,857,7,0,140 19 145 146,0,106,,859,4,0,129 131 132,0,104,,860,7,0,129 131 132,0
