54001,'1c2e3625233d01453772',737,,763,14,0,58 59,0
54001,'20650565243b6617121a',1117,,765,14,0,58 59,0,225,,764,10,0,58 59,0
54001,'220e7e723c71704c1463',759,,323,14,0,58 59,0,256,,324,14,0,47 48,0,30,,325,14,0,60 61 62 63,0,70,,326,14,0,58 59,0,30,,327,14,0,60 61 62 63,0,70,,328,14,0,47 48,0,30,,329,14,0,60 61 62 63,0,65,,311,14,0,58 59,0,35,,312,14,0,60 61 62 63,0,65,,313,14,0,58 59,0,35,,314,14,0,60 61 62 63,0,65,,315,14,0,58 59,0,35,,316,14,0,60 61 62 63,0,70,,317,14,0,47 48,0,30,,318,14,0,60 61 62 63,0,70,,319,14,0,58 59,0,30,,320,14,0,60 61 62 63,0,65,,321,14,0,47 48,0,35,,322,14,0,60 61 62 63,0
54001,'2a08755845643968295b',719,,330,14,0,58 59,0,191,,334,14,0,58 59,0,1000,,331,14,0,58 59,0,20,,332,14,0,58 59,0,100,,333,14,0,58 59,0
54001,'2a5b3362091f52630354',737,,343,20,0,58 59,0,90,,350,20,0,58 59,0,90,,353,20,0,58 59,0,100,,354,20,0,58 59,0,4,,356,14,0,60 64,0,100,,357,14,0,60 64,0,96,,355,20,0,47 48,0,103,,335,16,0,58 59,0,1,,358,14,0,60 64,0,26,,336,20,0,58 59,0,75,,337,20,0,58 59,0,95,,338,20,0,58 59,0,4,,359,14,0,60 64,0,96,,339,20,0,47 48,0,103,,340,16,0,58 59,0,12,,341,17,0,58 59,0,20,,342,20,0,58 59,0,68,,344,16,0,47 48,0,17,,345,17,0,58 59,0,15,,346,20,0,58 59,0,68,,347,16,0,58 59,0,17,,348,20,0,58 59,0,95,,349,20,0,58 59,0
54001,'31744f7e5638320a2d4c',1342,,766,11,0,58 59,0
54001,'3b110f002e63067b2820',1021,,767,14,0,60 64,0
54001,'4b486d3f75551347753d',917,,769,14,0,58 59,0,803,,768,10,0,58 59,0
54001,'4f0277002864772e6462',827,,781,14,0,58 59,0,190,,782,14,0,58 59,0,200,,783,14,0,47 48,0,103,,770,10,0,58 59,0,27,,771,14,0,58 59,0,75,,772,14,0,58 59,0,95,,773,14,0,58 59,0,100,,774,14,0,47 48,0,135,,775,14,0,58 59,0,68,,776,10,0,47 48,0,32,,777,14,0,58 59,0,68,,778,10,0,58 59,0,17,,779,14,0,58 59,0,95,,780,14,0,58 59,0
54001,'6f166c68066d266f1856',1121,,784,14,0,60 64,0,200,,785,14,0,60 64,0,200,,786,14,0,60 64,0
54001,'725616403949496a5c67',1342,,360,17,0,58 59,0
54001,'7f443a14596255477616',1732,,787,11,0,58 59,0,105,,788,11,0,58 59,0
54100,'1a20552b5a400f716a1b',841,,363,12,0,60 61 62 63,0,477,,364,12,0,60 61 62 63,0,320,,361,12,0,60 61 62 63,0,200,,362,12,0,60 61 62 63,0
54100,'220e7e723c71704c1463',901,,369,12,0,60 61 62 63,0,100,,370,12,0,60 61 62 63,0,117,,371,12,0,60 61 62 63,0,100,,372,12,0,60 61 62 63,0,100,,373,12,0,60 61 62 63,0,100,,374,12,0,60 61 62 63,0,100,,375,12,0,60 61 62 63,0,100,,365,12,0,60 61 62 63,0,200,,366,12,0,60 61 62 63,0,100,,367,12,0,60 61 62 63,0,100,,368,12,0,60 61 62 63,0
