52300,'6706020c382341356e26',730,,137,13,,,0,591,,138,13,,,0,425,,136,13,,,0
52300,'734c3e1b1c1138406a07',615,,139,13,,,0,131,,141,13,,,0,105,,142,13,,,0,200,,143,13,,,0,304,,140,13,,,0,98,,144,13,,,0,198,,145,13,,,0
52301,'6706020c382341356e26',1230,,146,1,0,63 64,0,425,,147,1,0,63 64,0
52301,'734c3e1b1c1138406a07',655,,148,1,0,63 64,0,145,,149,1,0,63 64,0,200,,151,1,0,63 64,0,200,,150,1,,,0,200,,152,1,0,63 64,0,200,,153,1,0,63 64,0,210,,154,1,,,0
52400,'7d212b3f2568633b0919',911,,155,11,4,,0
52401,'7d212b3f2568633b0919',1115,,156,1,,,0
52500,'5e2b1a64573d314d5f51',832,,157,7,,,0,500,,158,7,,,0
52500,'734c3e1b1c1138406a07',1832,,159,7,,,0
52501,'5e2b1a64573d314d5f51',1220,,160,1,,,0,505,,161,1,,,0
52501,'734c3e1b1c1138406a07',725,,162,1,,,0
