52000,'1c2e3625233d01453772',546,,696,4,0,25 26 27 28 29 30,0,104,,698,5,0,25 26 27 28 29 30,0,86,,699,4,0,20 21 22 23 24,0,200,,686,4,0,20 21 22 23 24,0,200,,688,4,0,20 21 22 23 24,0,290,,690,4,0,25 26 27 28 29 30,0,110,,691,4,0,20 21 22 23 24,0,215,,694,4,0,20 21 22 23 24,0,170,,695,4,0,25 26 27 28 29 30,0
52000,'1f5759673f12020b0a50',1036,,701,4,0,20 21 22 23 24,0,294,,702,5,0,25 26 27 28 29 30,0,306,,703,4,0,20 21 22 23 24,0,200,,704,4,0,20 21 22 23 24,0
52000,'4f0277002864772e6462',840,,705,5,0,20 21 22 23 24,0
52000,'7f443a14596255477616',610,,707,5,0,25 26 27 28 29 30,0
52100,'02070559307629202a09',1330,,104,5,0,25 26 27 28 29 30,0
52100,'2a5b3362091f52630354',610,,105,5,0,25 26 27 28 29 30,0
52100,'4d7a6615443531084902',546,,106,4,0,25 26 27 28 29 30,0,104,,107,5,0,25 26 27 28 29 30,0,776,,108,4,0,25 26 27 28 29 30,0,495,,109,4,0,25 26 27 28 29 30,0
52200,'02070559307629202a09',1038,,119,4,0,20 21 22 23 24,0,600,,120,4,0,20 21 22 23 24,0,200,,121,4,0,20 21 22 23 24,0
52200,'4d7a6615443531084902',738,,122,4,0,20 21 22 23 24,0,200,,123,4,0,20 21 22 23 24,0,200,,124,4,0,20 21 22 23 24,0,400,,125,4,0,20 21 22 23 24,0,215,,126,4,0,20 21 22 23 24,0
52200,'52166b36781a3037644c',842,,127,5,0,20 21 22 23 24,0
