54000,'0a2f1e22095132130163',1259,,262,7,0,25 26 27 28 29 30,0
54000,'2a5b3362091f52630354',646,,294,18,0,25 26 27 28 29 30,0,10,,299,18,0,25 26 27 28 29 30,0,55,,300,18,0,25 26 27 28 29 30,0,35,,301,18,0,25 26 27 28 29 30,0,65,,302,18,0,25 26 27 28 29 30,0,95,,303,18,0,25 26 27 28 29 30,0,100,,304,21,0,25 26 27 28 29 30,0,100,,305,18,0,25 26 27 28 29 30,0,48,,306,8,0,25 26 27 28 29 30,0,152,,289,18,0,25 26 27 28 29 30,0,110,,290,18,0,25 26 27 28 29 30,0,90,,291,21,0,25 26 27 28 29 30,0,48,,307,8,0,25 26 27 28 29 30,0,52,,292,18,0,25 26 27 28 29 30,0,43,,308,8,0,25 26 27 28 29 30,0,57,,293,18,0,25 26 27 28 29 30,0,100,,296,18,0,25 26 27 28 29 30,0,35,,297,18,0,25 26 27 28 29 30,0,13,,309,8,0,25 26 27 28 29 30,0,52,,298,21,0,25 26 27 28 29 30,0
54000,'725616403949496a5c67',1259,,310,7,0,25 26 27 28 29 30,0
54001,'2a5b3362091f52630354',710,,343,9,0,58 59,0,90,,350,9,0,58 59,0,10,,352,6,4,,0,40,,353,9,0,58 59,0,100,,354,9,0,58 59,0,4,,356,9,0,60 64,0,100,,357,9,0,60 64,0,96,,355,9,0,47 48,0,103,,335,5,0,58 59,0,1,,358,9,0,60 64,0,66,,336,9,0,58 59,0,35,,337,9,0,58 59,0,95,,338,9,0,58 59,0,4,,359,9,0,60 64,0,96,,339,9,0,47 48,0,103,,340,5,0,58 59,0,52,,341,6,0,58 59,0,20,,342,9,0,58 59,0,28,,344,5,0,47 48,0,57,,345,6,0,58 59,0,15,,346,9,0,58 59,0,28,,347,5,0,58 59,0,57,,348,9,0,58 59,0,95,,349,9,0,58 59,0
54001,'725616403949496a5c67',1315,,360,6,0,58 59,0
54300,'2a5b3362091f52630354',755,,417,26,0,35 38,0,390,,418,22,0,35 38,0,300,,419,22,0,35 38,0,200,,420,22,0,35 38,0,265,,421,22,0,35 38,0
54301,'2a5b3362091f52630354',811,,427,4,0,39 40,0,400,,428,4,0,39 40,0,100,,429,4,0,39 40,0,400,,430,4,0,39 40,0,100,,431,4,0,39 40,0
55000,'0a2f1e22095132130163',1747,,438,26,0,35 38,0,63,,439,15,0,35 38,0,137,,441,26,0,35 38,0
55000,'2a5b3362091f52630354',940,,460,7,0,35 121 122,0,15,,459,23,0,35 38,0,100,,461,23,0,35 38,0,85,,451,7,0,35 121 122,0,200,,452,7,0,35 121 122,0,15,,453,28,0,35 38,0,185,,454,7,0,35 121 122,0
55000,'725616403949496a5c67',1410,,469,15,0,35 38,0,435,,470,24,0,35 81,0
55001,'0a2f1e22095132130163',1312,,477,4,0,125 126 45 127,0
55001,'2a5b3362091f52630354',643,,507,4,0,123 121 124,0,79,,508,4,0,123 121 124,0,87,,510,7,0,123 121 124,0,18,,509,4,0,125 126 45 127,0,180,,511,4,0,125 126 45 127,0,2,,512,7,0,123 121 124,0,200,,497,7,0,123 121 124,0,200,,498,7,0,123 121 124,0,128,,499,4,0,125 126 45 127,0,72,,500,7,0,123 121 124,0,100,,502,7,0,123 121 124,0,43,,505,4,0,125 126 45 127,0,57,,506,7,0,123 121 124,0
