52001,'1c2e3625233d01453772',818,,713,6,0,97 36,0,100,,719,6,0,98 50,0,100,,721,6,0,98 50,0,200,,723,6,0,97 36,0,128,,708,23,0,98 50,0,272,,711,6,0,97 36,0,112,,712,23,0,98 50,0,223,,714,23,0,97 36,0,150,,717,6,0,98 50,0
52001,'1f5759673f12020b0a50',1118,,726,6,0,98 50,0,120,,727,23,0,97 36,0,480,,724,6,0,98 50,0,200,,725,6,0,97 36,0
52001,'31744f7e5638320a2d4c',1353,,728,15,0,98 50,0
52001,'59737b0d0f044b52693e',1857,,730,26,0,98 50,0
52001,'7f443a14596255477616',1745,,731,15,0,98 50,0,100,,733,15,0,98 50,0
52101,'02070559307629202a09',1237,,110,23,0,97 36,0
52101,'2a08755845643968295b',1902,,111,23,0,98 50,0
52101,'2a5b3362091f52630354',1745,,112,15,0,98 50,0,100,,113,15,0,98 50,0
52101,'4d7a6615443531084902',1347,,114,23,0,98 50,0,390,,115,23,0,98 50,0,265,,116,23,0,97 36,0,100,,117,23,0,98 50,0
52101,'725616403949496a5c67',1355,,118,15,0,98 50,0
52201,'02070559307629202a09',1115,,128,6,0,98 50,0,600,,129,6,0,98 50,0,200,,130,6,0,97 36,0
52201,'4d7a6615443531084902',815,,131,6,0,97 36,0,200,,132,6,0,98 50,0,200,,133,6,0,97 36,0,400,,134,6,0,98 50,0
52201,'52166b36781a3037644c',915,,135,6,0,98 50,0
