56000,'02070559307629202a09',1108,,541,10,0,20 21 22 23 24,0,200,,537,12,0,20 21 22 23 24,0,350,,538,12,0,25 26 27 28 29 30,0
56000,'0a3c663a7d504d200835',1528,,861,10,0,25 26 27 28 29 30,0
56000,'1c2e3625233d01453772',1208,,866,12,0,20 21 22 23 24,0,440,,863,12,0,10 11 12,0
56000,'1f5759673f12020b0a50',1108,,871,10,0,20 21 22 23 24,0,200,,867,12,0,20 21 22 23 24,0,350,,868,12,0,25 26 27 28 29 30,0
56000,'4d7a6615443531084902',1208,,550,12,0,20 21 22 23 24,0,440,,547,12,0,10 11 12,0
56000,'4f0277002864772e6462',602,,877,4,0,10 11 12,0,201,,880,10,0,25 26 27 28 29 30,0,725,,876,10,0,25 26 27 28 29 30,0
56000,'52166b36781a3037644c',602,,553,4,0,10 11 12,0,201,,555,10,0,25 26 27 28 29 30,0,725,,551,10,0,25 26 27 28 29 30,0
56600,'1f06603d1d7b4f2e4171',1518,,589,13,0,10 11 12,0,127,,590,9,0,10 11 12,0
56600,'5e2b1a64573d314d5f51',812,,591,4,0,10 11 12,0,140,,592,4,0,10 11 12,0,567,,593,5,0,10 11 12,0
56600,'6706020c382341356e26',1129,,594,5,0,10 11 12,0
56600,'734c3e1b1c1138406a07',1229,,595,5,0,10 11 12,0
56900,'5e2b1a64573d314d5f51',944,,604,23,0,31 32,0,575,,605,23,0,31 32,0
