56400,'183c4e6962076a683377',1100,,881,1,0,69 26,0
56400,'1a20552b5a400f716a1b',1655,,583,1,0,69 26,0
56400,'220e7e723c71704c1463',1740,,584,1,0,69 26,0
56400,'39206428010a3522612d',1740,,882,1,0,69 26,0
56400,'4210105e07251f32714c',1655,,883,1,0,69 26,0
56400,'5e3b7e4e66044d16561a',1100,,585,1,0,69 26,0
56401,'183c4e6962076a683377',1100,,884,3,4,,0,105,,885,3,4,,0
56401,'220e7e723c71704c1463',850,,586,2,4,,0
56401,'39206428010a3522612d',850,,886,2,4,,0
56401,'5e3b7e4e66044d16561a',1100,,587,3,4,,0,105,,588,3,4,,0
