54001,'1c2e3625233d01453772',701,,763,7,0,58 59,0
54001,'20650565243b6617121a',1041,,765,7,0,58 59,0
54001,'220e7e723c71704c1463',732,,323,7,0,58 59,0,213,,324,7,0,47 48,0,70,,325,7,0,60 61 62 63,0,30,,326,7,0,58 59,0,70,,327,7,0,60 61 62 63,0,30,,328,7,0,47 48,0,70,,329,7,0,60 61 62 63,0,25,,311,7,0,58 59,0,75,,312,7,0,60 61 62 63,0,25,,313,7,0,58 59,0,75,,314,7,0,60 61 62 63,0,25,,315,7,0,58 59,0,75,,316,7,0,60 61 62 63,0,30,,317,7,0,47 48,0,70,,318,7,0,60 61 62 63,0,30,,319,7,0,58 59,0,70,,320,7,0,60 61 62 63,0,25,,321,7,0,47 48,0,75,,322,7,0,60 61 62 63,0
54001,'2a08755845643968295b',652,,330,7,0,58 59,0,188,,334,7,0,58 59,0,1000,,331,7,0,58 59,0,60,,332,7,0,58 59,0,100,,333,7,0,58 59,0
54001,'2a5b3362091f52630354',701,,343,7,0,58 59,0,50,,350,7,0,58 59,0,90,,353,7,0,58 59,0,100,,354,7,0,58 59,0,2,,356,7,0,60 64,0,100,,357,7,0,60 64,0,98,,355,7,0,47 48,0,102,,358,7,0,60 64,0,68,,336,7,0,58 59,0,35,,337,7,0,58 59,0,95,,338,7,0,58 59,0,2,,359,7,0,60 64,0,98,,339,7,0,47 48,0,175,,342,7,0,58 59,0,100,,346,7,0,58 59,0,85,,348,7,0,58 59,0,55,,349,7,0,58 59,0
54001,'3b110f002e63067b2820',943,,767,7,0,60 64,0
54001,'4b486d3f75551347753d',841,,769,7,0,58 59,0
54001,'4f0277002864772e6462',751,,781,7,0,58 59,0,190,,782,7,0,58 59,0,200,,783,7,0,47 48,0,170,,771,7,0,58 59,0,35,,772,7,0,58 59,0,95,,773,7,0,58 59,0,100,,774,7,0,47 48,0,175,,775,7,0,58 59,0,100,,777,7,0,58 59,0,85,,779,7,0,58 59,0,55,,780,7,0,58 59,0
54001,'6f166c68066d266f1856',1043,,784,7,0,60 64,0,200,,785,7,0,60 64,0,200,,786,7,0,60 64,0
54300,'2a5b3362091f52630354',745,,417,24,0,35 38,0
54300,'4f0277002864772e6462',745,,791,24,0,35 45 116,0
57400,'5e2b1a64573d314d5f51',708,,672,5,0,25 26 27 28 29 30,0
57400,'62061874353c664e5006',648,,676,3,0,25 26 27 28 29 30,0
57401,'2910694d611e54493e1f',1738,,678,9,0,41 42 43,0
57401,'57250a1f2855612e2d17',1301,,679,9,0,41 42 43,0
57401,'5e2b1a64573d314d5f51',853,,680,9,0,41 42 43,0,390,,681,9,0,41 42 43,0,595,,682,9,0,41 42 43,0
57401,'62061874353c664e5006',1656,,683,12,0,41 42 43,0,145,,684,9,0,41 42 43,0,100,,685,9,0,41 42 43,0
