52000,'1c2e3625233d01453772',512,,693,2,0,25 26 27 28 29 30,0,94,,696,10,0,25 26 27 28 29 30,0,33,,697,2,0,25 26 27 28 29 30,0,72,,698,11,0,25 26 27 28 29 30,0,137,,700,2,0,25 26 27 28 29 30,0,200,,687,2,0,25 26 27 28 29 30,0,200,,689,2,0,25 26 27 28 29 30,0,198,,690,10,0,25 26 27 28 29 30,0,298,,692,2,0,25 26 27 28 29 30,0,197,,695,10,0,25 26 27 28 29 30,0
52000,'1f5759673f12020b0a50',1350,,702,11,0,25 26 27 28 29 30,0
52000,'2a5b3362091f52630354',624,,88,2,0,25 26 27 28 29 30,0
52000,'4d7a6615443531084902',457,,89,2,0,25 26 27 28 29 30,0,182,,90,2,0,25 26 27 28 29 30,0,205,,91,2,0,25 26 27 28 29 30,0,205,,92,2,0,25 26 27 28 29 30,0,195,,93,2,0,25 26 27 28 29 30,0,495,,94,2,0,25 26 27 28 29 30,0
52000,'7f443a14596255477616',624,,706,2,0,25 26 27 28 29 30,0,7,,707,11,0,25 26 27 28 29 30,0
52100,'02070559307629202a09',1351,,104,11,0,25 26 27 28 29 30,0
52100,'2a5b3362091f52630354',631,,105,11,0,25 26 27 28 29 30,0
52100,'4d7a6615443531084902',607,,106,10,0,25 26 27 28 29 30,0,104,,107,11,0,25 26 27 28 29 30,0,736,,108,10,0,25 26 27 28 29 30,0,495,,109,10,0,25 26 27 28 29 30,0
56000,'02070559307629202a09',1847,,538,36,0,25 26 27 28 29 30,0
56000,'0a3c663a7d504d200835',1715,,861,35,0,25 26 27 28 29 30,0
56000,'1a20552b5a400f716a1b',1101,,544,18,0,25 26 27 28 29 30,0,200,,545,18,0,25 26 27 28 29 30,0,400,,542,18,0,25 26 27 28 29 30,0,145,,543,18,0,25 26 27 28 29 30,0
56000,'1c2e3625233d01453772',1859,,864,28,0,25 26 27 28 29 30,0
56000,'1f5759673f12020b0a50',1847,,868,36,0,25 26 27 28 29 30,0
56000,'3823594e52252d7f6b14',1101,,874,18,0,25 26 27 28 29 30,0,200,,875,18,0,25 26 27 28 29 30,0,400,,872,18,0,25 26 27 28 29 30,0,145,,873,18,0,25 26 27 28 29 30,0
56000,'4d7a6615443531084902',1859,,548,28,0,25 26 27 28 29 30,0
56000,'4f0277002864772e6462',756,,879,31,0,25 26 27 28 29 30,0,194,,880,34,0,25 26 27 28 29 30,0,765,,876,34,0,25 26 27 28 29 30,0
56000,'52166b36781a3037644c',756,,554,31,0,25 26 27 28 29 30,0,194,,555,34,0,25 26 27 28 29 30,0,765,,551,34,0,25 26 27 28 29 30,0
