54100,'1a20552b5a400f716a1b',805,,363,5,0,31 32 33 125,0,430,,364,5,0,31 32 33 125,0,320,,361,5,0,31 32 33 125,0,200,,362,5,0,31 32 33 125,0
54100,'220e7e723c71704c1463',825,,369,5,0,31 32 33 125,0,100,,370,5,0,31 32 33 125,0,110,,371,5,0,31 32 33 125,0,100,,372,5,0,31 32 33 125,0,100,,373,5,0,31 32 33 125,0,100,,374,5,0,31 32 33 125,0,100,,375,5,0,31 32 33 125,0,100,,365,5,0,31 32 33 125,0,200,,366,5,0,31 32 33 125,0,100,,367,5,0,31 32 33 125,0,100,,368,5,0,31 32 33 125,0
54101,'1a20552b5a400f716a1b',1105,,377,11,0,151 152 106,0,40,,378,11,0,151 152 106,0,355,,379,11,0,151 152 106,0,445,,376,11,0,151 152 106,0
54101,'220e7e723c71704c1463',851,,385,5,0,151 152 106,0,165,,386,11,0,151 152 106,0,109,,387,11,0,151 152 106,0,115,,388,11,0,151 152 106,0,100,,389,11,0,151 152 106,0,100,,390,11,0,151 152 106,0,100,,380,11,0,151 152 106,0,100,,381,11,0,151 152 106,0,100,,382,11,0,151 152 106,0,200,,383,11,0,151 152 106,0,100,,384,11,0,151 152 106,0
54200,'5e2b1a64573d314d5f51',649,,392,4,0,61 74 75 76 77 103,0,160,,393,6,0,61 74 75 76 77 103,0,305,,394,6,0,61 74 75 76 77 103,0,130,,395,4,0,61 74 75 76 77 103,0,305,,396,4,0,61 74 75 76 77 103,0,185,,391,4,0,61 74 75 76 77 103,0
54200,'62061874353c664e5006',645,,398,4,0,61 74 75 76 77 103,0,63,,399,4,0,61 74 75 76 77 103,0
54200,'734c3e1b1c1138406a07',724,,400,4,0,61 74 75 76 77 103,0
54201,'57250a1f2855612e2d17',1319,,401,18,0,26 105 106,0
54201,'5e2b1a64573d314d5f51',904,,404,19,0,26 105 106,0,396,,405,19,0,26 105 106,0,158,,406,21,0,26 105 106,0,346,,407,19,0,26 105 106,0,22,,408,13,0,26 105 106,0,78,,402,19,0,26 105 106,0,34,,403,21,0,26 105 106,0
54201,'62061874353c664e5006',1712,,409,18,0,26 105 106,0,108,,410,18,0,26 105 106,0
54201,'734c3e1b1c1138406a07',739,,411,13,0,26 105 106,0
54300,'220e7e723c71704c1463',725,,412,16,0,23 24 107,0,400,,413,16,0,23 24 107,0,300,,414,16,0,23 24 107,0,200,,415,16,0,23 24 107,0,225,,416,16,0,23 24 107,0
54300,'2a5b3362091f52630354',720,,417,16,0,40 107,0,400,,418,16,0,40 107,0,300,,419,16,0,40 107,0,200,,420,16,0,40 107,0,225,,421,16,0,40 107,0
54301,'220e7e723c71704c1463',832,,422,7,0,108 109,0,400,,423,7,0,108 109,0,100,,424,7,0,108 109,0,400,,425,7,0,108 109,0,100,,426,7,0,108 109,0
54301,'2a5b3362091f52630354',835,,427,10,0,108 109,0,400,,428,10,0,108 109,0,100,,429,10,0,108 109,0,400,,430,10,0,108 109,0,100,,431,10,0,108 109,0
