54001,'1c2e3625233d01453772',734,,763,12,0,58 59,0
54001,'20650565243b6617121a',1114,,765,12,0,58 59,0,225,,764,8,0,58 59,0
54001,'220e7e723c71704c1463',757,,323,12,0,58 59,0,256,,324,12,0,47 48,0,30,,325,12,0,60 61 62 63,0,70,,326,12,0,58 59,0,30,,327,12,0,60 61 62 63,0,70,,328,12,0,47 48,0,30,,329,12,0,60 61 62 63,0,65,,311,12,0,58 59,0,35,,312,12,0,60 61 62 63,0,65,,313,12,0,58 59,0,35,,314,12,0,60 61 62 63,0,65,,315,12,0,58 59,0,35,,316,12,0,60 61 62 63,0,70,,317,12,0,47 48,0,30,,318,12,0,60 61 62 63,0,70,,319,12,0,58 59,0,30,,320,12,0,60 61 62 63,0,65,,321,12,0,47 48,0,35,,322,12,0,60 61 62 63,0
54001,'2a08755845643968295b',717,,330,12,0,58 59,0,191,,334,12,0,58 59,0,1000,,331,12,0,58 59,0,20,,332,12,0,58 59,0,100,,333,12,0,58 59,0
54001,'2a5b3362091f52630354',734,,343,18,0,58 59,0,90,,350,18,0,58 59,0,90,,353,18,0,58 59,0,100,,354,18,0,58 59,0,2,,356,12,0,60 64,0,100,,357,12,0,60 64,0,98,,355,18,0,47 48,0,102,,358,12,0,60 64,0,1,,335,14,0,58 59,0,27,,336,18,0,58 59,0,75,,337,18,0,58 59,0,95,,338,18,0,58 59,0,2,,359,12,0,60 64,0,98,,339,18,0,47 48,0,103,,340,14,0,58 59,0,12,,341,15,0,58 59,0,20,,342,18,0,58 59,0,68,,344,14,0,47 48,0,17,,345,15,0,58 59,0,15,,346,18,0,58 59,0,68,,347,14,0,58 59,0,17,,348,18,0,58 59,0,95,,349,18,0,58 59,0
54001,'31744f7e5638320a2d4c',1339,,766,9,0,58 59,0
54001,'3b110f002e63067b2820',1016,,767,12,0,60 64,0
54001,'4b486d3f75551347753d',914,,769,12,0,58 59,0,803,,768,8,0,58 59,0
54001,'4f0277002864772e6462',824,,781,12,0,58 59,0,190,,782,12,0,58 59,0,200,,783,12,0,47 48,0,103,,770,8,0,58 59,0,27,,771,12,0,58 59,0,75,,772,12,0,58 59,0,95,,773,12,0,58 59,0,100,,774,12,0,47 48,0,135,,775,12,0,58 59,0,68,,776,8,0,47 48,0,32,,777,12,0,58 59,0,68,,778,8,0,58 59,0,17,,779,12,0,58 59,0,95,,780,12,0,58 59,0
54001,'6f166c68066d266f1856',1116,,784,12,0,60 64,0,200,,785,12,0,60 64,0,200,,786,12,0,60 64,0
54001,'725616403949496a5c67',1339,,360,15,0,58 59,0
54001,'7f443a14596255477616',1729,,787,9,0,58 59,0,105,,788,9,0,58 59,0
54100,'1a20552b5a400f716a1b',839,,363,10,0,60 61 62 63,0,477,,364,10,0,60 61 62 63,0,320,,361,10,0,60 61 62 63,0,200,,362,10,0,60 61 62 63,0
54100,'220e7e723c71704c1463',859,,369,10,0,60 61 62 63,0,100,,370,10,0,60 61 62 63,0,157,,371,10,0,60 61 62 63,0,100,,372,10,0,60 61 62 63,0,100,,373,10,0,60 61 62 63,0,100,,374,10,0,60 61 62 63,0,100,,375,10,0,60 61 62 63,0,100,,365,10,0,60 61 62 63,0,200,,366,10,0,60 61 62 63,0,100,,367,10,0,60 61 62 63,0,100,,368,10,0,60 61 62 63,0
