50000,1102992,1,0,0
50000,1195123,2,0,0
50000,1100417,3,0,0
50000,6603753,4,0,0
50000,6600419,5,0,0
50000,6602056,6,0,0
50000,6604299,7,0,0
50000,6603399,8,0,0
50000,6604683,9,0,0
50000,6600474,10,0,0
50000,6600429,11,0,0
50000,6603813,12,0,0
50000,6600096,13,1,0
50000,6600433,14,1,0
50000,6605119,15,1,0
50000,6600002,16,1,1
50001,6600002,1,0,0
50001,6605119,2,0,0
50001,6603816,3,0,0
50001,6603815,4,0,0
50001,6603814,5,0,0
50001,6603812,6,0,0
50001,6603811,7,0,0
50001,6600095,8,0,0
50001,6603810,9,0,0
50001,6604303,10,0,0
50001,6602056,11,0,0
50001,6602309,12,0,0
50001,6603955,13,0,0
50001,1105965,14,0,0
50001,1103494,15,0,0
50001,1102992,16,1,1
50300,1104715,1,0,0
50300,1104943,2,0,0
50300,6600032,3,0,0
50300,6600033,4,0,0
50300,6604157,5,0,0
50300,6604159,6,0,0
50300,6604791,7,0,0
50300,6604382,8,0,0
50300,6604870,9,0,0
50300,6691799,10,0,0
50300,6604103,11,0,0
50300,6603674,12,0,0
50300,6600130,13,0,0
50300,6600132,14,0,0
50300,6604207,15,0,0
50300,6603731,16,0,0
50300,6603713,17,0,0
50300,6600092,18,0,0
50300,6600208,19,0,0
50300,6600210,20,0,0
50300,6600212,21,0,0
50300,6600214,22,0,0
50300,6605119,23,1,0
50300,6600002,24,1,1
50301,6600002,1,0,0
50301,6605179,2,0,0
50301,6604110,3,0,0
50301,6604109,4,0,0
50301,6604108,5,0,0
50301,6604107,6,0,0
50301,6603298,7,0,0
50301,6604106,8,0,0
50301,6604105,9,0,0
50301,6600133,10,0,0
50301,6600182,11,0,0
50301,6604102,12,0,0
50301,6604104,13,0,0
50301,6604103,14,0,0
50301,6691799,15,0,0
50301,6604895,16,0,0
50301,6604382,17,0,0
50301,6604791,18,0,0
50301,6600032,19,0,0
50301,6600033,20,0,0
50301,6604157,21,0,0
50301,6604159,22,0,0
50301,1104715,23,0,0
50301,1104943,24,1,1
50500,6600445,1,0,0
50500,6600447,2,0,0
50500,6600450,3,0,0
50500,6600454,4,0,0
50500,6600452,5,0,0
50500,6600096,6,1,1
50501,6603815,1,0,0
50501,6604041,2,0,0
50501,6604040,3,0,0
50501,6600450,4,0,0
50501,6600447,5,0,0
50501,6600445,6,1,1
50600,6603810,1,0,0
50600,6604683,2,0,0
50600,6699358,3,0,0
50600,6600200,4,0,0
50600,6600201,5,0,0
50600,1198764,6,0,0
50600,1100203,7,1,1
50601,1100203,1,0,0
50601,1198765,2,0,0
50601,6600201,3,0,0
50601,6600200,4,0,0
50601,6603399,5,0,0
50601,6604683,6,0,0
50601,6699358,7,1,1
51000,6600632,1,0,0
51000,6600630,2,0,0
51000,6600624,3,0,0
51000,6603653,4,0,0
51000,6603796,5,0,0
51000,6600002,6,1,1
51001,6600002,1,0,0
51001,6603797,2,0,0
51001,6603795,3,0,0
51001,6603794,4,0,0
51001,6603792,5,0,0
51001,6603793,6,1,1
51100,6601377,1,0,0
51100,6604274,2,0,0
51100,6605096,3,0,0
51100,6604354,4,0,0
51100,6603787,5,0,0
51100,6603788,6,0,0
51100,6604329,7,0,0
51100,6604120,8,0,0
51100,6603809,9,0,0
51100,6603807,10,0,0
51100,6603834,11,0,0
51100,6600605,12,0,0
51100,6603806,13,0,0
51100,6690040,14,0,0
51100,6605143,15,1,1
51101,6605143,1,0,0
51101,6600594,2,0,0
51101,6604821,3,0,0
51101,6600595,4,0,0
51101,6690040,5,0,0
51101,6600658,6,0,0
51101,6600606,7,0,0
51101,6603834,8,0,0
51101,6600605,9,0,0
51101,6602956,10,0,0
51101,6600655,11,0,0
51101,6604329,12,0,0
51101,6603788,13,0,0
51101,6604355,15,0,0
51101,6605096,16,0,0
51101,6604047,17,0,0
51101,6601377,18,1,1
51200,6600627,1,0,0
51200,6602895,2,0,0
51200,6600660,3,0,0
51200,6605096,4,0,0
51200,6604354,5,0,0
51200,6604329,6,0,0
51200,6603787,7,1,1
51200,6603565,8,0,0
51200,6600002,9,1,1
51201,6600002,1,0,0
51201,6603565,2,0,0
51201,6603788,3,0,0
51201,6604329,4,0,0
51201,6604355,5,0,0
51201,6605096,6,0,0
51201,6603957,7,0,0
51201,6600627,8,1,1
52000,6600501,1,0,0
52000,6602936,2,0,0
52000,6600503,3,0,0
52000,6600506,4,0,0
52000,6600509,5,0,0
52000,6604349,6,0,0
52000,6600513,7,0,0
52000,6603798,8,0,0
52000,6603799,9,0,0
52000,6600582,10,0,0
52000,6604291,11,0,0
52000,6603582,12,0,0
52000,6605142,13,0,0
52000,6600594,14,0,0
52000,6600658,15,0,0
52000,6600606,16,0,0
52000,6603834,17,0,0
52000,6600605,18,0,0
52000,6602956,19,0,0
52000,6600655,20,0,0
52000,6604329,21,0,0
52000,6603787,22,0,0
52000,6603789,23,0,0
52000,6600634,24,0,0
52000,6600632,25,0,0
52000,6600630,26,0,0
52000,6600624,27,0,0
52000,6603653,28,0,0
52000,6603796,29,0,0
52000,6600002,30,1,1
52001,6600002,1,0,0
52001,6603797,2,0,0
52001,6603795,3,0,0
52001,6603794,4,0,0
52001,6603792,5,0,0
52001,6603793,6,0,0
52001,6603791,7,0,0
52001,6603790,8,0,0
52001,6603788,9,0,0
52001,6604329,10,0,0
52001,6604120,11,0,0
52001,6603809,12,0,0
52001,6603807,13,0,0
52001,6603834,14,0,0
52001,6600605,15,0,0
52001,6603806,16,0,0
52001,6605143,17,0,0
52001,6600594,18,0,0
52001,6600608,19,0,0
52001,6604292,20,0,0
52001,6600582,21,0,0
52001,6603800,22,0,0
52001,6603801,23,0,0
52001,6603835,24,0,0
52001,6603836,25,0,0
52001,6603982,26,0,0
52001,6604044,27,0,0
52001,6604043,28,0,0
52001,6604042,29,0,0
52001,6600501,30,1,1
52100,6600501,1,0,0
52100,6602936,2,0,0
52100,6600503,3,0,0
52100,6600506,4,0,0
52100,6600509,5,0,0
52100,6604349,6,0,0
52100,6600513,7,0,0
52100,6603798,8,0,0
52100,6603799,9,0,0
52100,6600582,10,0,0
52100,6604291,11,0,0
52100,6603582,12,0,0
52100,6605142,13,0,0
52100,6600594,14,0,0
52100,6600658,15,0,0
52100,6600606,16,0,0
52100,6603834,17,0,0
52100,6600605,18,0,0
52100,6602956,19,0,0
52100,6600655,20,0,0
52100,6604329,21,0,0
52100,6603787,22,0,0
52100,6603789,23,0,0
52100,6600634,24,0,0
52100,6600632,25,0,0
52100,6600630,26,0,0
52100,6600002,27,1,1
52101,6600002,1,0,0
52101,6603792,2,0,0
52101,6603793,3,0,0
52101,6603791,4,0,0
52101,6603790,5,0,0
52101,6603788,6,0,0
52101,6604329,7,0,0
52101,6604120,8,0,0
52101,6603809,9,0,0
52101,6603807,10,0,0
52101,6603834,11,0,0
52101,6600605,12,0,0
52101,6603806,13,0,0
52101,6605143,14,0,0
52101,6600594,15,0,0
52101,6600608,16,0,0
52101,6604292,17,0,0
52101,6600582,18,0,0
52101,6603800,19,0,0
52101,6603801,20,0,0
52101,6603835,21,0,0
52101,6603836,22,0,0
52101,6603982,23,0,0
52101,6604044,24,0,0
52101,6604043,25,0,0
52101,6604042,26,0,0
52101,6600501,27,1,1
52200,6600501,1,0,0
52200,6602936,2,0,0
52200,6600503,3,0,0
52200,6600506,4,0,0
52200,6600509,5,0,0
52200,6604349,6,0,0
52200,6600513,7,0,0
52200,6603798,8,0,0
52200,6603799,9,0,0
52200,6600582,10,1,1
52201,6600582,1,0,0
52201,6603800,2,0,0
52201,6603801,3,0,0
52201,6603835,4,0,0
52201,6603836,5,0,0
52201,6603982,6,0,0
52201,6604044,7,0,0
52201,6604043,8,0,0
52201,6604042,9,0,0
52201,6600501,10,1,1
52300,6600523,1,0,0
52300,6603290,2,0,0
52300,6604297,3,0,0
52300,6600532,4,0,0
52300,6604296,5,0,0
52300,6600529,6,0,0
52300,6604794,7,0,0
52300,6604795,8,0,0
52300,6600547,9,0,0
52300,6600549,10,0,0
52300,6604250,11,0,0
52300,6604334,12,0,0
52300,6603956,13,0,0
52300,6600582,14,1,1
52301,6603956,1,0,0
52301,6600582,2,0,0
52301,6603800,3,0,0
52301,6603801,4,0,0
52301,6604334,5,0,0
52301,6604249,6,0,0
52301,6600549,7,0,0
52301,6603954,8,0,0
52301,6600541,9,0,0
52301,6600537,10,0,0
52301,6600562,11,0,0
52301,6600523,12,0,0
52301,6603290,13,0,0
52301,6604297,14,0,0
52301,6600532,15,0,0
52301,6604296,16,1,1
52400,6600567,1,0,0
52400,6600568,2,0,0
52400,6603843,3,0,0
52400,6603839,4,0,0
52400,6603977,5,0,0
52400,6603837,6,0,0
52400,6600513,7,0,0
52400,6603798,8,0,0
52400,6603799,9,0,0
52400,6600582,10,0,0
52400,6603956,11,1,1
52401,6603956,1,0,0
52401,6600582,2,0,0
52401,6603800,3,0,0
52401,6603801,4,0,0
52401,6602820,5,0,0
52401,6603835,6,0,0
52401,6603838,7,0,0
52401,6603977,8,0,0
52401,6604861,9,0,0
52401,6603841,10,0,0
52401,6603842,11,0,0
52401,6603845,12,1,1
52500,6603896,1,0,0
52500,6600665,2,0,0
52500,6623901,3,0,0
52500,6603900,4,0,0
52500,6613899,5,0,0
52500,6603798,6,0,0
52500,6603956,7,0,0
52500,6600582,8,1,1
52501,6603956,1,0,0
52501,6600582,2,0,0
52501,6603800,3,0,0
52501,6603801,4,0,0
52501,6603899,5,0,0
52501,6613901,6,0,0
52501,6603901,7,0,0
52501,6600665,8,0,0
52501,6603896,9,1,1
53000,6601414,1,0,0
53000,6600954,2,0,0
53000,6604368,3,0,0
53000,6600950,4,0,0
53000,6604253,5,0,0
53000,6600989,6,0,0
53000,6600980,7,0,0
53000,6600978,8,0,0
53000,6600976,9,0,0
53000,6600974,10,0,0
53000,6600972,11,0,0
53000,6601771,12,0,0
53000,6604123,13,0,0
53000,6601391,14,0,0
53000,6601402,15,0,0
53000,6601721,16,0,0
53000,6601393,17,0,0
53000,6601707,18,0,0
53000,6604254,19,0,0
53000,6604089,20,0,0
53000,6604071,21,0,0
53000,6601738,22,0,0
53000,6601397,23,0,0
53000,6601404,24,0,0
53000,6604347,25,0,0
53000,6603709,26,0,0
53000,6686772,27,0,0
53000,6601091,28,0,0
53000,6601097,29,0,0
53000,6601917,30,0,0
53000,6604054,31,1,0
53000,6604050,32,1,0
53000,6600002,33,1,1
53001,6600002,1,0,0
53001,6604051,2,0,0
53001,6604055,3,0,0
53001,6604092,4,0,0
53001,6603942,5,0,0
53001,6601091,6,0,0
53001,6604091,7,0,0
53001,6604347,8,0,0
53001,6603472,9,0,0
53001,6601458,10,0,0
53001,6604090,11,0,0
53001,6604255,12,0,0
53001,6604087,13,0,0
53001,6601404,14,0,0
53001,6601397,15,0,0
53001,6604088,16,0,0
53001,6601721,17,0,0
53001,6601393,18,0,0
53001,6601402,19,0,0
53001,6604204,20,0,0
53001,6604124,21,0,0
53001,6604122,22,0,0
53001,6604121,23,0,0
53001,6604136,24,0,0
53001,6604137,25,0,0
53001,6604135,26,0,0
53001,6604134,27,0,0
53001,6600989,28,0,0
53001,6604252,29,0,0
53001,6603935,30,0,0
53001,6604367,31,0,0
53001,6603938,32,0,0
53001,6603937,33,1,1
53100,6604127,1,0,0
53100,6604130,2,0,0
53100,6604167,3,0,0
53100,6604169,4,0,0
53100,6600945,5,0,0
53100,6604251,6,0,0
53100,6604150,7,0,0
53100,6604320,8,0,0
53100,6603443,9,0,0
53100,6601414,10,1,1
53101,6603937,1,0,0
53101,6603936,2,0,0
53101,6604321,3,0,0
53101,6603717,4,0,0
53101,6600947,5,0,0
53101,6604168,6,0,0
53101,6604166,7,0,0
53101,6604298,8,0,0
53101,6604126,9,1,1
53200,6602012,1,0,0
53200,6604377,2,0,0
53200,6601007,3,0,0
53200,6601008,4,0,0
53200,6604114,5,0,0
53200,6600945,6,0,0
53200,6604251,7,0,0
53200,6604150,8,0,0
53200,6604320,9,0,0
53200,6603443,10,0,0
53200,6601414,11,1,1
53201,6603937,1,0,0
53201,6603936,2,0,0
53201,6604321,3,0,0
53201,6603717,4,0,0
53201,6600947,5,0,0
53201,6603934,6,0,0
53201,6604115,7,0,0
53201,6601008,8,0,0
53201,6601007,9,0,0
53201,6604378,10,0,0
53201,6602012,11,1,1
53600,6600927,1,0,0
53600,6604195,2,0,0
53600,6600932,3,0,0
53600,6604191,4,0,0
53600,6604189,5,0,0
53600,6604190,6,0,0
53600,6604126,7,1,1
53601,6604126,1,0,0
53601,6603425,2,0,0
53601,6602876,3,0,0
53601,6604192,4,0,0
53601,6604188,5,0,0
53601,6604195,6,0,0
53601,6600927,7,1,1
54000,6602360,1,0,0
54000,6604275,2,0,0
54000,6603708,3,0,0
54000,6604301,4,0,0
54000,6603776,5,0,0
54000,6601937,6,0,0
54000,6603707,7,0,0
54000,6601126,8,0,0
54000,6603673,9,0,0
54000,6602901,10,0,0
54000,6603706,11,0,0
54000,6604745,12,0,0
54000,6601139,13,0,0
54000,6604860,14,0,0
54000,6601137,15,0,0
54000,6601135,16,0,0
54000,6601151,17,0,0
54000,6601153,18,0,0
54000,6604239,19,0,0
54000,6603923,20,0,0
54000,6604111,21,0,0
54000,6604351,22,0,0
54000,6604733,23,0,0
54000,6601185,24,0,0
54000,6601179,25,0,0
54000,6604929,26,0,0
54000,6604007,27,0,0
54000,6601174,28,0,0
54000,6600002,29,1,1
54001,6600002,1,0,0
54001,6604009,2,0,0
54001,6604008,3,0,0
54001,6604928,4,0,0
54001,6603958,5,0,0
54001,6601181,6,0,0
54001,6601183,7,0,0
54001,6601796,8,0,0
54001,6604733,9,0,0
54001,6604351,10,0,0
54001,6664993,11,0,0
54001,6603996,12,0,0
54001,6603924,13,0,0
54001,6603929,14,0,0
54001,6603930,15,0,0
54001,6603931,16,0,0
54001,6604237,17,0,0
54001,6603914,18,0,0
54001,6603919,19,0,0
54001,6604003,20,0,0
54001,6604000,21,0,0
54001,6603999,22,0,0
54001,6603998,23,0,0
54001,6603997,24,0,0
54001,6603707,25,0,0
54001,6603945,26,0,0
54001,6604705,27,0,0
54001,6604301,28,1,1
54001,6604302,29,0,0
54001,6604924,30,0,0
54001,6604276,31,0,0
54001,6602361,32,1,1
54100,6605122,1,0,0
54100,6604224,2,0,0
54100,6604065,3,0,0
54100,6604064,4,0,0
54100,6600834,5,0,0
54100,6600913,6,0,0
54100,6604733,7,0,0
54100,6664993,8,0,0
54100,6603919,9,0,0
54100,6604003,10,0,0
54100,6604000,11,0,0
54100,6603999,12,0,0
54100,6603998,13,0,0
54100,6603997,14,0,0
54100,6603707,15,1,1
54101,6603707,1,0,0
54101,6601126,2,0,0
54101,6603673,3,0,0
54101,6602901,4,0,0
54101,6603706,5,0,0
54101,6604745,6,0,0
54101,6601139,7,0,0
54101,6604860,8,0,0
54101,6604733,9,0,0
54101,6600913,10,0,0
54101,6600834,11,0,0
54101,6603333,12,0,0
54101,6600875,13,0,0
54101,6600832,14,0,0
54101,6604063,15,1,1
54200,6604227,1,0,0
54200,6604220,2,0,0
54200,6604222,3,0,0
54200,6600913,4,0,0
54200,6604787,5,0,0
54200,6600834,6,0,0
54200,6603333,7,0,0
54200,6600875,8,0,0
54200,6600832,9,0,0
54200,6604225,10,0,0
54200,6604063,11,0,0
54200,6600917,12,0,0
54200,6600828,13,0,0
54200,6600826,14,0,0
54200,6603757,15,0,0
54200,6604770,16,0,0
54200,6604916,17,0,0
54200,6600878,18,0,0
54200,6604219,19,0,0
54200,6600845,20,0,0
54200,6670080,21,0,0
54200,6670082,22,0,0
54200,6601198,23,0,0
54200,6603711,24,0,0
54200,6604929,25,1,0
54200,6604007,26,1,0
54200,6601174,27,1,0
54200,6600002,28,1,1
54201,6600002,1,0,0
54201,6601174,2,0,0
54201,6604008,3,0,0
54201,6604928,4,0,0
54201,6604113,5,0,0
54201,6604112,6,0,0
54201,6670083,7,0,0
54201,6670081,8,0,0
54201,6603826,9,0,0
54201,6604916,10,0,0
54201,6604300,11,0,0
54201,6604769,12,0,0
54201,6604223,13,0,0
54201,6600917,14,0,0
54201,6600828,15,0,0
54201,6605122,16,0,0
54201,6604225,17,0,0
54201,6604224,18,0,0
54201,6604065,19,0,0
54201,6604064,20,0,0
54201,6600834,21,0,0
54201,6600913,22,0,0
54201,6604787,23,0,0
54201,6604221,24,0,0
54201,6602964,25,0,0
54201,6604227,26,1,1
54300,6603820,1,0,0
54300,6600867,2,0,0
54300,6605171,3,0,0
54300,6605173,4,0,0
54300,6670083,5,0,0
54300,6670081,6,0,0
54300,6603826,7,0,0
54300,6604916,8,0,0
54300,6604300,9,0,0
54300,6604769,10,0,0
54300,6604223,11,0,0
54300,6605122,12,0,0
54300,6604225,13,0,0
54300,6600832,14,0,0
54300,6600875,15,0,0
54300,6603333,16,0,0
54300,6604224,17,0,0
54300,6604065,18,0,0
54300,6604064,19,0,0
54300,6600834,20,0,0
54300,6604221,21,0,0
54300,6602964,22,0,0
54300,6604227,23,0,0
54300,6604217,24,0,0
54300,6604216,25,0,0
54300,6604733,26,1,1
54300,6604215,27,0,0
54300,6603958,28,0,0
54300,6601181,29,0,0
54300,6601183,30,0,0
54300,6601796,31,0,0
54300,6604351,32,0,0
54300,6603996,33,0,0
54300,6603924,34,0,0
54300,6604239,35,1,1
54301,6604239,1,0,0
54301,6603923,2,0,0
54301,6604111,3,0,0
54301,6604351,4,0,0
54301,6604733,5,0,0
54301,6604215,6,0,0
54301,6604217,7,0,0
54301,6604227,8,0,0
54301,6604220,9,0,0
54301,6604222,10,0,0
54301,6600834,11,0,0
54301,6604064,12,0,0
54301,6604065,13,0,0
54301,6604224,14,0,0
54301,6603333,15,0,0
54301,6600875,16,0,0
54301,6600832,17,0,0
54301,6604225,18,0,0
54301,6604063,19,0,0
54301,6600826,20,0,0
54301,6603757,21,0,0
54301,6604770,22,0,0
54301,6604300,23,0,0
54301,6604916,24,0,0
54301,6604219,25,0,0
54301,6600845,26,0,0
54301,6670080,27,0,0
54301,6670082,28,0,0
54301,6605172,29,0,0
54301,6605170,30,0,0
54301,6600867,31,1,1
54301,6603820,32,1,1
55000,6601393,1,0,0
55000,6601707,2,0,0
55000,6604254,3,0,0
55000,6604089,4,0,0
55000,6604071,5,0,0
55000,6604347,6,0,0
55000,6601567,7,0,0
55000,6601085,8,0,0
55000,6604356,9,0,0
55000,6600543,10,0,0
55000,6605183,11,0,0
55000,6605193,12,0,0
55000,6604268,13,0,0
55000,6601460,14,0,0
55000,6601276,15,0,0
55000,6601270,16,0,0
55000,6604269,17,0,0
55000,6604361,18,0,0
55000,6604209,19,0,0
55000,6691800,20,0,0
55000,6604075,21,0,0
55000,6604074,22,0,0
55000,6600350,23,0,0
55000,6604894,24,0,0
55000,6603554,25,0,0
55000,6601478,26,0,0
55000,6603556,27,0,0
55000,6603500,28,0,0
55000,6604270,29,0,0
55000,6603319,30,0,0
55000,6601292,31,0,0
55000,6605191,32,0,0
55000,6601294,33,0,0
55000,6601296,34,0,0
55000,6604351,35,0,0
55000,6603996,36,0,0
55000,6603924,37,0,0
55000,6603929,38,0,0
55000,6603930,39,0,0
55000,6603931,40,0,0
55000,6604237,41,0,0
55000,6604239,42,1,1
55000,6604733,43,1,1
55000,6603576,44,1,1
55001,6601135,1,0,0
55001,6601151,2,0,0
55001,6601153,3,0,0
55001,6604239,4,0,0
55001,6603923,5,0,0
55001,6604111,6,0,0
55001,6604351,7,0,0
55001,6604733,8,0,0
55001,6601296,9,0,0
55001,6604174,10,0,0
55001,6605192,11,0,0
55001,6604212,12,0,0
55001,6603319,13,0,0
55001,6604370,14,0,0
55001,6603557,15,0,0
55001,6603576,16,0,0
55001,6603500,17,0,0
55001,6604894,18,0,0
55001,6600350,19,0,0
55001,6604074,20,0,0
55001,6603554,21,0,0
55001,6604182,22,0,0
55001,6604073,23,0,0
55001,6604670,24,0,0
55001,6601285,25,0,0
55001,6601278,26,0,0
55001,6604208,27,0,0
55001,6604360,28,0,0
55001,6601273,29,0,0
55001,6604072,30,0,0
55001,6601276,31,0,0
55001,6604726,32,0,0
55001,6604727,33,0,0
55001,6605194,34,0,0
55001,6601084,35,0,0
55001,6600543,36,0,0
55001,6601567,37,0,0
55001,6601085,38,0,0
55001,6604356,39,0,0
55001,6604347,40,0,0
55001,6603472,41,0,0
55001,6601458,42,0,0
55001,6604090,43,0,0
55001,6604255,44,0,0
55001,6604087,45,0,0
55001,6601393,46,1,1
55300,6601567,1,0,0
55300,6601085,2,0,0
55300,6604356,3,0,0
55300,6600543,4,0,0
55300,6605183,5,0,0
55300,6605194,6,0,0
55300,6604072,7,0,0
55300,6604727,8,0,0
55300,6601460,9,0,0
55300,6601276,10,0,0
55300,6604208,11,0,0
55300,6601270,12,0,0
55300,6604269,13,0,0
55300,6604361,14,0,0
55300,6604209,15,0,0
55300,6691800,16,0,0
55300,6604075,17,0,0
55300,6604074,18,0,0
55300,6604670,19,0,0
55300,6603500,20,0,0
55300,6604270,21,0,0
55300,6603319,22,0,0
55300,6601292,23,0,0
55300,6605191,24,0,0
55300,6601294,25,0,0
55300,6601296,26,0,0
55300,6604929,27,1,0
55300,6604007,28,1,0
55300,6601174,29,1,0
55300,6600002,30,1,1
55301,6600002,1,0,0
55301,6604009,2,0,0
55301,6604008,3,0,0
55301,6604928,4,0,0
55301,6601296,5,0,0
55301,6604174,6,0,0
55301,6605192,7,0,0
55301,6604212,8,0,0
55301,6603319,9,0,0
55301,6604370,10,0,0
55301,6603500,11,0,0
55301,6604670,12,0,0
55301,6604074,13,0,0
55301,6601285,14,0,0
55301,6691800,15,0,0
55301,6601278,16,0,0
55301,6604360,17,0,0
55301,6604209,18,0,0
55301,6601273,19,0,0
55301,6604072,20,0,0
55301,6604727,21,0,0
55301,6601460,22,0,0
55301,6601276,23,0,0
55301,6604268,24,0,0
55301,6601270,25,0,0
55301,6604269,26,1,1
55301,6605194,27,0,0
55301,6601084,28,0,0
55301,6600543,29,0,0
55301,6601567,30,0,0
55301,6601085,31,0,0
55301,6604357,32,1,1
56000,6604381,1,0,0
56000,6604348,2,0,0
56000,6600258,3,0,0
56000,6600260,4,0,0
56000,6600262,5,0,0
56000,6604719,6,0,0
56000,6603855,7,0,0
56000,6603974,8,0,0
56000,6602833,9,0,0
56000,6602832,10,0,0
56000,6603851,11,0,0
56000,6603205,12,0,0
56000,6605182,13,0,0
56000,6600344,14,0,0
56000,6602672,15,0,0
56000,6603585,16,0,0
56000,6604069,17,0,0
56000,6604899,18,0,0
56000,6603966,19,0,0
56000,6603232,20,0,0
56000,6604181,21,0,0
56000,6604179,22,0,0
56000,6603850,23,0,0
56000,6600291,24,0,0
56000,6600248,25,0,0
56000,6604289,26,0,0
56000,6603848,27,0,0
56000,6602212,28,0,0
56000,6600325,29,0,0
56000,6604058,30,0,0
56000,6603847,31,0,0
56000,6604077,32,0,0
56000,6600567,33,0,0
56000,6600568,34,0,0
56000,6603843,35,0,0
56000,6603839,36,0,0
56000,6603976,37,0,0
56000,6603837,38,0,0
56000,6604349,39,0,0
56000,6600513,40,0,0
56000,6603798,41,0,0
56000,6603799,42,0,0
56000,6600582,43,0,0
56000,6604291,44,0,0
56000,6603582,45,0,0
56000,6600658,46,0,0
56000,6600606,47,0,0
56000,6602956,48,0,0
56000,6600655,49,0,0
56000,6603787,50,0,0
56000,6603789,51,0,0
56000,6600002,52,1,1
56001,6600002,1,0,0
56001,6603790,2,0,0
56001,6603788,3,0,0
56001,6604120,4,0,0
56001,6603809,5,0,0
56001,6603807,6,0,0
56001,6603806,7,0,0
56001,6600608,8,0,0
56001,6604292,9,0,0
56001,6600582,10,0,0
56001,6603800,11,0,0
56001,6603801,12,0,0
56001,6603835,13,0,0
56001,6603836,14,0,0
56001,6603838,15,0,0
56001,6603841,16,0,0
56001,6603842,17,0,0
56001,6603845,18,0,0
56001,6604078,19,0,0
56001,6600249,20,0,0
56001,6602212,21,0,0
56001,6603849,22,0,0
56001,6600289,23,0,0
56001,6605102,24,0,0
56001,6600248,25,1,1
56001,6600278,26,0,0
56001,6604178,27,0,0
56001,6604180,28,0,0
56001,6603964,29,0,0
56001,6600335,30,0,0
56001,6604898,31,0,0
56001,6604068,32,0,0
56001,6603585,33,0,0
56001,6602672,34,0,0
56001,6603913,35,0,0
56001,6605182,36,0,0
56001,6603963,37,0,0
56001,6603852,38,0,0
56001,6603853,39,0,0
56001,6603975,40,0,0
56001,6600265,41,0,0
56001,6604720,42,0,0
56001,6603856,43,0,0
56001,6600260,44,0,0
56001,6600258,45,0,0
56001,6604348,46,0,0
56001,6604381,47,1,1
56100,6600232,1,0,0
56100,6603970,2,0,0
56100,6600234,3,0,0
56100,6603376,4,0,0
56100,6602088,5,0,0
56100,6603968,6,0,0
56100,6600239,7,0,0
56100,6603847,8,1,1
56101,6603847,1,0,0
56101,6603967,2,0,0
56101,6603574,3,0,0
56101,6604186,4,0,0
56101,6604187,5,0,0
56101,6603969,6,0,0
56101,6603970,7,0,0
56101,6600232,8,1,1
56400,6604681,1,0,0
56400,6603847,2,0,0
56400,6689795,3,1,1
56401,6689795,1,0,0
56401,6603847,2,0,0
56401,6604681,3,1,1
56600,6604381,1,0,0
56600,6604348,2,0,0
56600,6600258,3,0,0
56600,6600260,4,0,0
56600,6600262,5,0,0
56600,6604719,6,0,0
56600,6603205,7,0,0
56600,6605182,8,0,0
56600,6605123,9,0,0
56600,6600344,10,0,0
56600,6602672,11,0,0
56600,6603585,12,0,0
56600,6604069,13,0,0
56600,6604898,14,0,0
56600,6600325,15,0,0
56600,6603966,16,0,0
56600,6603232,17,0,0
56600,6604058,18,0,0
56600,6603847,19,1,1
56601,6600249,1,0,0
56601,6604059,2,0,0
56601,6603964,3,0,0
56601,6600335,4,0,0
56601,6600325,5,0,0
56601,6604898,6,0,0
56601,6604068,7,0,0
56601,6603585,8,0,0
56601,6602672,9,0,0
56601,6603913,10,0,0
56601,6605182,11,0,0
56601,6605123,12,0,0
56601,6603963,13,0,0
56601,6604720,14,0,0
56601,6603856,15,0,0
56601,6600260,16,0,0
56601,6600258,17,0,0
56601,6604348,18,0,0
56601,6604381,19,1,1
56900,6600232,1,0,0
56900,6603970,2,0,0
56900,6600234,3,0,0
56900,6603376,4,0,0
56900,6602088,5,0,0
56900,6603968,6,0,0
56900,6600239,7,0,0
56900,6603847,8,0,0
56900,6602212,9,0,0
56900,6603849,10,0,0
56900,6600289,11,0,0
56900,6605102,12,0,0
56900,6600278,13,0,0
56900,6603852,14,0,0
56900,6603853,15,0,0
56900,6603975,16,0,0
56900,6600265,17,0,0
56900,6604720,18,0,0
56900,6603856,19,0,0
56900,6600260,20,0,0
56900,6600258,21,1,1
56900,6605182,22,0,0
56900,6605123,23,0,0
56900,6600344,24,0,0
56900,6602672,25,0,0
56900,6603585,26,0,0
56900,6604069,27,0,0
56900,6604899,28,0,0
56900,6600325,29,1,1
56901,6600325,1,0,0
56901,6604898,2,0,0
56901,6604068,3,0,0
56901,6603585,4,0,0
56901,6602672,5,0,0
56901,6603913,6,0,0
56901,6605182,7,0,0
56901,6605123,8,0,0
56901,6600258,9,0,0
56901,6600260,10,0,0
56901,6600262,11,0,0
56901,6604719,12,0,0
56901,6603855,13,0,0
56901,6603974,14,0,0
56901,6602833,15,0,0
56901,6602832,16,0,0
56901,6603851,17,0,0
56901,6603850,18,0,0
56901,6600291,19,0,0
56901,6600248,20,0,0
56901,6604289,21,0,0
56901,6603848,22,0,0
56901,6602212,23,0,0
56901,6603847,24,0,0
56901,6603967,25,0,0
56901,6603574,26,0,0
56901,6604186,27,0,0
56901,6604187,28,0,0
56901,6603969,29,0,0
56901,6603970,30,0,0
56901,6600232,31,1,1
57000,6603587,1,0,0
57000,6603763,2,0,0
57000,6601316,3,0,0
57000,6601312,4,0,0
57000,6604326,5,0,0
57000,6603534,6,0,0
57000,6601841,7,0,0
57000,6604340,8,0,0
57000,6604264,9,0,0
57000,6601377,10,0,0
57000,6604274,11,0,0
57000,6601315,12,0,0
57000,6604342,13,0,0
57000,6603697,14,0,0
57000,6604173,15,0,0
57000,6609788,16,0,0
57000,6604324,17,0,0
57000,6600002,18,1,1
57001,6600002,1,0,0
57001,6604323,2,0,0
57001,6609789,3,0,0
57001,6604049,4,0,0
57001,6604046,5,0,0
57001,6604343,6,0,0
57001,6601315,7,0,0
57001,6604047,8,0,0
57001,6601377,9,0,0
57001,6604048,10,0,0
57001,6604341,11,0,0
57001,6601841,12,0,0
57001,6603534,13,0,0
57001,6602912,14,0,0
57001,6604325,15,0,0
57001,6601316,16,0,0
57001,6603763,17,0,0
57001,6603587,18,1,1
57100,6604282,1,0,0
57100,6601258,2,0,0
57100,6603683,3,0,0
57100,6603746,4,0,0
57100,6604764,5,0,0
57100,6601917,6,0,0
57100,6603773,7,0,0
57100,6601379,8,0,0
57100,6601377,9,0,0
57100,6604274,10,0,0
57100,6604342,11,0,0
57100,6603697,12,0,0
57100,6604324,13,0,0
57100,6600002,14,1,1
57101,6600002,1,0,0
57101,6604323,2,0,0
57101,6604046,3,0,0
57101,6604343,4,0,0
57101,6604047,5,0,0
57101,6601377,6,0,0
57101,6604098,7,0,0
57101,6603772,8,0,0
57101,6604092,9,0,0
57101,6604198,10,0,0
57101,6603746,11,0,0
57101,6604925,12,0,0
57101,6601258,13,0,0
57101,6604282,14,1,1
57200,6604279,1,0,0
57200,6604280,2,0,0
57200,6603760,3,0,0
57200,6601264,4,0,0
57200,6601917,5,0,0
57200,6600002,6,1,1
57201,6600002,1,0,0
57201,6604092,2,0,0
57201,6601264,3,0,0
57201,6604279,4,0,0
57201,6604280,5,0,0
57201,6603760,6,1,1
57300,6604247,1,0,0
57300,6693678,2,0,0
57300,6604919,3,0,0
57300,6601302,4,0,0
57300,6603553,5,0,0
57300,6601304,6,0,0
57300,6604352,7,0,0
57300,6601558,8,0,0
57300,6601102,9,0,0
57300,6601099,10,0,0
57300,6601101,11,0,0
57300,6603498,12,0,0
57300,6603390,13,0,0
57300,6604054,14,1,0
57300,6604050,15,0,0
57300,6604052,16,0,0
57300,6601174,17,0,0
57300,6600002,18,1,1
57301,6600002,1,0,0
57301,6604009,2,0,0
57301,6604053,3,0,0
57301,6604051,4,0,0
57301,6604055,5,0,0
57301,6603941,6,0,0
57301,6603687,7,0,0
57301,6603336,8,0,0
57301,6603939,9,0,0
57301,6603940,10,0,0
57301,6604353,11,0,0
57301,6601558,12,0,0
57301,6604920,13,0,0
57301,6601302,14,0,0
57301,6603553,15,0,0
57301,6601304,16,0,0
57301,6693676,17,0,0
57301,6604246,18,1,1
57400,6600823,1,0,0
57400,6604217,2,0,0
57400,6604215,3,0,0
57400,6604350,4,0,0
57400,6603959,5,0,0
57400,6601183,6,0,0
57400,6601185,7,0,0
57400,6601179,8,0,0
57400,6603778,9,0,0
57400,6603780,10,0,0
57400,6604929,11,0,0
57400,6604007,12,0,0
57400,6601174,13,0,0
57400,6600002,14,1,1
57401,6600002,1,0,0
57401,6604009,2,0,0
57401,6604008,3,0,0
57401,6604928,4,0,0
57401,6601196,5,0,0
57401,6601177,6,0,0
57401,6603958,7,0,0
57401,6604350,8,0,0
57401,6603516,9,0,0
57401,6601185,10,0,0
57401,6601181,11,0,0
57401,6601183,12,0,0
57401,6601796,13,0,0
57401,6604216,14,0,0
57401,6600823,15,0,0
57401,6604217,16,1,1
