55000,'02070559307629202a09',847,,435,14,0,35 36 37,0,200,,436,14,0,35 36 37,0,100,,437,14,0,35 36 37,0,200,,432,14,0,35 36 37,0,200,,433,14,0,35 36 37,0,180,,434,14,0,35 36 37,0
55000,'0a067c057b2b05087239',710,,801,9,0,35 45 116,0
55000,'0a2f1e22095132130163',1646,,438,9,0,35 38,0,100,,439,9,0,35 38,0,100,,441,9,0,35 38,0
55000,'14187635613e43612170',910,,803,9,0,35 45 116,0,100,,804,9,0,35 45 116,0,300,,802,14,0,35 45 116,0
55000,'1a223768176411647430',1800,,805,10,0,35 45 116,0
55000,'2a08755845643968295b',712,,446,9,0,35 36 37,0,200,,447,9,0,35 36 37,0,100,,449,9,0,35 36 37,0,300,,442,9,0,35 36 37,0,490,,445,10,0,35 36 37,0
55000,'2a5b3362091f52630354',724,,458,9,0,35 36 37,0,186,,459,9,0,35 38,0,100,,461,9,0,35 38,0,300,,453,14,0,35 38,0
55000,'31744f7e5638320a2d4c',1346,,809,9,0,35 45 116,0
55000,'553d275f1455102c362a',1646,,814,9,0,35 45 116,0,100,,815,9,0,35 45 116,0,100,,817,9,0,35 45 116,0
55000,'56061576073054406d39',1800,,818,10,0,35 45 116,0
55000,'5a5962265f3f1c435f26',942,,463,14,0,35 36 37,0,400,,462,14,0,35 36 37,0
55000,'725616403949496a5c67',1346,,469,9,0,35 38,0,454,,470,10,0,35 81,0
55000,'7f443a14596255477616',724,,822,9,0,35 36 37,0
55300,'1c2e3625233d01453772',1347,,848,2,0,25 26 27 28 29 30,0
55300,'2a08755845643968295b',621,,521,3,0,25 26 27 28 29 30,0
55300,'2a5b3362091f52630354',628,,522,8,0,25 26 27 28 29 30,0,93,,525,3,0,25 26 27 28 29 30,0
55300,'4d7a6615443531084902',1351,,526,3,0,25 26 27 28 29 30,0
55300,'59737b0d0f044b52693e',617,,849,2,0,25 26 27 28 29 30,0
55300,'7f443a14596255477616',629,,850,8,0,25 26 27 28 29 30,0,88,,852,2,0,25 26 27 28 29 30,0
55301,'1c2e3625233d01453772',1314,,853,19,0,140 19 145 146,0,600,,854,19,0,140 19 145 146,0
55301,'2a5b3362091f52630354',1710,,529,10,0,140 141 142,0,110,,530,10,0,129 131 132,0,100,,532,10,0,129 131 132,0
55301,'31744f7e5638320a2d4c',1318,,855,7,0,129 131 132,0
55301,'4d7a6615443531084902',1310,,533,17,0,117 17,0,600,,534,17,0,117 17,0
55301,'725616403949496a5c67',1320,,535,10,0,129 131 132,0
55301,'7f443a14596255477616',1723,,857,18,0,140 19 145 146,0,95,,859,7,0,129 131 132,0,115,,860,18,0,129 131 132,0
