51001,'2a5b3362091f52630354',1700,,59,6,4,,0,200,,60,6,4,,0
51001,'4d7a6615443531084902',835,,61,6,4,,0,475,,62,6,4,,0,490,,63,6,4,,0
52001,'1c2e3625233d01453772',756,,718,3,0,20 21 22 23 24,0,85,,720,6,0,20 21 22 23 24,0,190,,722,3,0,20 21 22 23 24,0,210,,708,3,0,98 50,0,80,,709,6,0,20 21 22 23 24,0,105,,710,3,0,20 21 22 23 24,0,200,,712,3,0,98 50,0,225,,714,3,0,97 36,0,59,,715,6,0,20 21 22 23 24,0,41,,716,3,0,20 21 22 23 24,0
52001,'1f5759673f12020b0a50',1127,,727,3,0,97 36,0
52001,'2a5b3362091f52630354',1656,,95,3,0,20 21 22 23 24,0,100,,96,3,0,20 21 22 23 24,0
52001,'31744f7e5638320a2d4c',1306,,729,3,0,20 21 22 23 24,0
52001,'4d7a6615443531084902',756,,97,3,0,20 21 22 23 24,0,75,,98,3,0,20 21 22 23 24,0,200,,99,3,0,20 21 22 23 24,0,280,,100,3,0,20 21 22 23 24,0,120,,101,3,0,20 21 22 23 24,0,480,,102,3,0,20 21 22 23 24,0
52001,'59737b0d0f044b52693e',1755,,730,6,0,98 50,0
52001,'725616403949496a5c67',1306,,103,3,0,20 21 22 23 24,0
52001,'7f443a14596255477616',1706,,732,6,0,20 21 22 23 24,0,100,,734,6,0,20 21 22 23 24,0
52101,'02070559307629202a09',1127,,110,3,0,97 36,0
52101,'2a08755845643968295b',1752,,111,3,0,98 50,0
52101,'4d7a6615443531084902',1237,,114,3,0,98 50,0,390,,115,3,0,98 50,0,225,,116,3,0,97 36,0,100,,117,3,0,98 50,0
