52001,'1c2e3625233d01453772',759,,718,4,0,20 21 22 23 24,0,86,,720,7,0,20 21 22 23 24,0,189,,722,4,0,20 21 22 23 24,0,211,,708,4,0,98 50,0,80,,709,7,0,20 21 22 23 24,0,104,,710,4,0,20 21 22 23 24,0,200,,712,4,0,98 50,0,225,,714,4,0,97 36,0,59,,715,7,0,20 21 22 23 24,0,41,,716,4,0,20 21 22 23 24,0
52001,'1f5759673f12020b0a50',1131,,727,4,0,97 36,0
52001,'2a5b3362091f52630354',1659,,95,4,0,20 21 22 23 24,0,100,,96,4,0,20 21 22 23 24,0
52001,'31744f7e5638320a2d4c',1309,,729,4,0,20 21 22 23 24,0
52001,'4d7a6615443531084902',759,,97,4,0,20 21 22 23 24,0,75,,98,4,0,20 21 22 23 24,0,200,,99,4,0,20 21 22 23 24,0,280,,100,4,0,20 21 22 23 24,0,120,,101,4,0,20 21 22 23 24,0,480,,102,4,0,20 21 22 23 24,0
52001,'59737b0d0f044b52693e',1758,,730,7,0,98 50,0
52001,'725616403949496a5c67',1309,,103,4,0,20 21 22 23 24,0
52001,'7f443a14596255477616',1709,,732,7,0,20 21 22 23 24,0,101,,734,7,0,20 21 22 23 24,0
52101,'02070559307629202a09',1131,,110,4,0,97 36,0
52101,'2a08755845643968295b',1756,,111,4,0,98 50,0
52101,'4d7a6615443531084902',1241,,114,4,0,98 50,0,390,,115,4,0,98 50,0,225,,116,4,0,97 36,0,100,,117,4,0,98 50,0
