54000,'0a2f1e22095132130163',1321,,262,11,,,0
54000,'220e7e723c71704c1463',1006,,277,5,4,,0,30,,278,19,4,,0,95,,279,16,4,,0,87,,280,13,4,,0,13,,281,16,4,,0,87,,282,13,4,,0,18,,264,19,4,,0,82,,265,13,4,,0,33,,266,16,4,,0,67,,267,13,4,,0,13,,268,19,4,,0,87,,269,13,4,,0,13,,270,16,4,,0,87,,271,13,4,,0,13,,272,16,4,,0,87,,273,13,4,,0,13,,274,16,4,,0,70,,275,16,4,,0,17,,276,13,4,,0
54000,'2a08755845643968295b',726,,283,16,4,,0,100,,287,16,4,,0,110,,288,16,4,,0,1000,,284,19,4,,0,100,,285,16,4,,0,100,,286,16,4,,0
54000,'2a5b3362091f52630354',707,,294,21,,,0,7,,299,20,,,0,15,,300,20,,,0,75,,301,20,,,0,25,,302,20,,,0,101,,303,22,,,0,100,,304,25,,,0,100,,305,22,,,0,90,,306,12,,,0,110,,289,22,,,0,110,,290,22,,,0,90,,291,25,,,0,90,,307,12,,,0,10,,292,22,,,0,85,,308,12,,,0,15,,293,23,,,0,100,,296,23,,,0,75,,297,22,,,0,15,,309,12,,,0,10,,298,25,,,0
54000,'725616403949496a5c67',1321,,310,12,,,0
54200,'5e2b1a64573d314d5f51',730,,392,22,4,,0,114,,393,18,4,,0,300,,394,16,4,,0,186,,395,24,4,,0,304,,396,22,4,,0,181,,391,22,4,,0
54200,'62061874353c664e5006',737,,399,14,4,,0
54200,'734c3e1b1c1138406a07',805,,400,22,4,,0
55300,'2a08755845643968295b',708,,521,17,4,,0
55300,'2a5b3362091f52630354',808,,525,17,4,,0
55300,'4d7a6615443531084902',1438,,526,17,4,,0
57400,'5e2b1a64573d314d5f51',727,,672,11,,,0,596,,673,9,,,0,410,,674,9,,,0
57400,'62061874353c664e5006',711,,676,7,,,0,95,,677,9,,,0
