55001,'02070559307629202a09',838,,475,13,0,123 121 124,0,200,,476,13,0,123 121 124,0,300,,471,13,0,123 121 124,0,205,,472,13,0,123 121 124,0,200,,473,13,0,123 121 124,0,100,,474,13,0,123 121 124,0
55001,'0a2f1e22095132130163',1343,,477,17,0,125 126 45 127,0,394,,478,12,0,117 17,0
55001,'14187635613e43612170',753,,824,13,0,123 121 124,0,105,,825,13,0,125 126 45 127,0,180,,826,13,0,125 126 45 127,0,785,,823,14,0,125 126 45 127,0
55001,'26316a4c147077516358',1615,,480,2,0,117 17,0,100,,482,2,0,117 17,0
55001,'2a08755845643968295b',753,,490,13,0,123 121 124,0,105,,493,13,0,125 126 45 127,0,180,,494,13,0,125 126 45 127,0,305,,484,13,0,125 126 45 127,0,270,,486,13,0,125 126 45 127,0,215,,489,13,0,125 126 45 127,0
55001,'2a5b3362091f52630354',721,,501,10,0,123 121 124,0,32,,508,16,0,123 121 124,0,105,,509,16,0,125 126 45 127,0,180,,511,16,0,125 126 45 127,0,570,,499,17,0,125 126 45 127,0,215,,505,17,0,125 126 45 127,0,14,,504,12,0,117 17,0
55001,'31744f7e5638320a2d4c',1357,,830,11,0,117 17,0
55001,'3405324d4148757b0d18',1343,,832,14,0,125 126 45 127,0
55001,'4f0277002864772e6462',1608,,836,14,0,125 126 45 127,0
55001,'553d275f1455102c362a',1737,,841,11,0,117 17,0
55001,'56061576073054406d39',1343,,843,14,0,125 126 45 127,0
55001,'57250a1f2855612e2d17',1245,,514,2,0,117 17,0
55001,'5a5962265f3f1c435f26',1123,,518,13,0,123 121 124,0,625,,517,13,0,123 121 124,0
55001,'725616403949496a5c67',1357,,519,12,0,117 17,0
55001,'7f443a14596255477616',721,,844,10,0,123 121 124,0,1116,,846,11,0,117 17,0
55301,'1c2e3625233d01453772',1307,,853,16,0,140 19 145 146,0,600,,854,16,0,140 19 145 146,0
55301,'31744f7e5638320a2d4c',1323,,856,12,4,,0
55301,'7f443a14596255477616',1716,,857,15,0,140 19 145 146,0,107,,858,12,4,,0,103,,860,15,0,129 131 132,0
