54200,'5e2b1a64573d314d5f51',655,,392,8,0,25 26 27 28 29 30,0,160,,393,10,0,25 26 27 28 29 30,0,305,,394,10,0,25 26 27 28 29 30,0,130,,395,8,0,25 26 27 28 29 30,0,305,,396,8,0,25 26 27 28 29 30,0,185,,391,8,0,25 26 27 28 29 30,0
54200,'62061874353c664e5006',714,,399,8,0,25 26 27 28 29 30,0
54200,'734c3e1b1c1138406a07',730,,400,8,0,25 26 27 28 29 30,0
54201,'57250a1f2855612e2d17',1314,,401,14,0,33 19 34,0
54201,'5e2b1a64573d314d5f51',859,,404,15,0,33 19 34,0,396,,405,15,0,33 19 34,0,198,,406,17,0,33 19 34,0,306,,407,15,0,33 19 34,0,62,,408,9,0,33 19 34,0,38,,402,15,0,33 19 34,0,74,,403,17,0,33 19 34,0
54201,'62061874353c664e5006',1707,,409,14,0,33 19 34,0,108,,410,14,0,33 19 34,0
54201,'734c3e1b1c1138406a07',734,,411,9,0,33 19 34,0
54300,'220e7e723c71704c1463',720,,412,12,0,35 36 37,0,400,,413,12,0,35 36 37,0,300,,414,12,0,35 36 37,0,200,,415,12,0,35 36 37,0,225,,416,12,0,35 36 37,0
54300,'2a5b3362091f52630354',716,,417,12,0,35 38,0,400,,418,12,0,35 38,0,300,,419,12,0,35 38,0,200,,420,12,0,35 38,0,225,,421,12,0,35 38,0
54301,'220e7e723c71704c1463',838,,422,11,0,39 40,0,400,,423,11,0,39 40,0,100,,424,11,0,39 40,0,400,,425,11,0,39 40,0,100,,426,11,0,39 40,0
54301,'2a5b3362091f52630354',839,,427,14,0,39 40,0,400,,428,14,0,39 40,0,100,,429,14,0,39 40,0,400,,430,14,0,39 40,0,100,,431,14,0,39 40,0
