51100,'734c3e1b1c1138406a07',711,,64,6,4,,0,111,,65,2,0,95 96,0,200,,66,2,0,95 96,0,189,,67,6,4,,0,91,,68,2,0,95 96,0,150,,69,2,0,95 96,0,184,,70,6,4,,0
51101,'734c3e1b1c1138406a07',716,,71,2,0,106 17,0,188,,72,12,0,104 105,0,200,,73,12,0,104 105,0,240,,74,12,0,104 105,0,2,,75,2,0,106 17,0,188,,76,12,0,104 105,0,222,,77,2,0,106 17,0
51200,'734c3e1b1c1138406a07',729,,79,6,0,104 105,0,685,,80,6,0,104 105,0,390,,81,6,0,104 105,0
51201,'734c3e1b1c1138406a07',851,,84,2,0,107 38,0,450,,85,2,0,107 38,0,405,,86,2,0,107 38,0
52000,'1c2e3625233d01453772',533,,693,10,0,25 26 27 28 29 30,0,107,,696,20,0,25 26 27 28 29 30,0,69,,697,12,0,25 26 27 28 29 30,0,33,,698,21,0,25 26 27 28 29 30,0,175,,700,10,0,25 26 27 28 29 30,0,200,,687,10,0,25 26 27 28 29 30,0,200,,689,10,0,25 26 27 28 29 30,0,197,,690,18,0,25 26 27 28 29 30,0,304,,692,12,0,25 26 27 28 29 30,0,190,,695,18,0,25 26 27 28 29 30,0
52000,'1f5759673f12020b0a50',1418,,702,19,0,25 26 27 28 29 30,0
52000,'2a5b3362091f52630354',644,,88,6,0,25 26 27 28 29 30,0
52000,'4d7a6615443531084902',525,,89,10,0,25 26 27 28 29 30,0,184,,90,12,0,25 26 27 28 29 30,0,205,,91,10,0,25 26 27 28 29 30,0,203,,92,10,0,25 26 27 28 29 30,0,197,,93,10,0,25 26 27 28 29 30,0,495,,94,12,0,25 26 27 28 29 30,0
52000,'7f443a14596255477616',644,,706,6,0,25 26 27 28 29 30,0
52001,'1c2e3625233d01453772',809,,718,7,0,20 21 22 23 24,0,45,,720,10,0,20 21 22 23 24,0,189,,722,7,0,20 21 22 23 24,0,212,,708,7,0,98 50,0,80,,709,10,0,20 21 22 23 24,0,105,,710,7,0,20 21 22 23 24,0,200,,712,7,0,98 50,0,263,,714,7,0,97 36,0,22,,715,10,0,20 21 22 23 24,0,78,,716,7,0,20 21 22 23 24,0
52001,'1f5759673f12020b0a50',1140,,727,7,0,97 36,0
52001,'2a5b3362091f52630354',1707,,95,7,0,20 21 22 23 24,0,100,,96,7,0,20 21 22 23 24,0
52001,'31744f7e5638320a2d4c',1317,,729,7,0,20 21 22 23 24,0
52001,'4d7a6615443531084902',807,,97,7,0,20 21 22 23 24,0,35,,98,7,0,20 21 22 23 24,0,200,,99,7,0,20 21 22 23 24,0,279,,100,7,0,20 21 22 23 24,0,120,,101,7,0,20 21 22 23 24,0,480,,102,7,0,20 21 22 23 24,0
52001,'59737b0d0f044b52693e',1807,,730,10,0,98 50,0
52001,'725616403949496a5c67',1317,,103,7,0,20 21 22 23 24,0
52001,'7f443a14596255477616',1718,,732,10,0,20 21 22 23 24,0,101,,734,10,0,20 21 22 23 24,0
52100,'02070559307629202a09',1417,,104,19,0,25 26 27 28 29 30,0
52100,'4d7a6615443531084902',639,,106,20,0,25 26 27 28 29 30,0,103,,107,21,0,25 26 27 28 29 30,0,773,,108,18,0,25 26 27 28 29 30,0,495,,109,18,0,25 26 27 28 29 30,0
52101,'02070559307629202a09',1140,,110,7,0,97 36,0
52101,'2a08755845643968295b',1805,,111,7,0,98 50,0
52101,'4d7a6615443531084902',1250,,114,7,0,98 50,0,390,,115,7,0,98 50,0,265,,116,7,0,97 36,0,100,,117,7,0,98 50,0
