54000,'0a2f1e22095132130163',1325,,262,12,0,61 74 75 76 77 103,0
54000,'220e7e723c71704c1463',1011,,277,6,4,,0,30,,278,20,4,,0,95,,279,17,4,,0,87,,280,14,4,,0,13,,281,17,4,,0,87,,282,14,4,,0,18,,264,20,4,,0,82,,265,14,4,,0,33,,266,17,4,,0,67,,267,14,4,,0,13,,268,20,4,,0,87,,269,14,4,,0,13,,270,17,4,,0,87,,271,14,4,,0,13,,272,17,4,,0,87,,273,14,4,,0,13,,274,17,4,,0,70,,275,17,4,,0,17,,276,14,4,,0
54000,'2a08755845643968295b',731,,283,17,4,,0,100,,287,17,4,,0,110,,288,17,4,,0,1000,,284,20,4,,0,100,,285,17,4,,0,100,,286,17,4,,0
54000,'2a5b3362091f52630354',711,,294,22,0,61 74 75 76 77 103,0,7,,299,21,0,61 74 75 76 77 103,0,15,,300,21,0,61 74 75 76 77 103,0,75,,301,21,0,61 74 75 76 77 103,0,25,,302,21,0,61 74 75 76 77 103,0,102,,303,23,0,61 74 75 76 77 103,0,100,,304,26,0,61 74 75 76 77 103,0,100,,305,23,0,61 74 75 76 77 103,0,90,,306,13,0,61 74 75 76 77 103,0,110,,289,23,0,61 74 75 76 77 103,0,110,,290,23,0,61 74 75 76 77 103,0,90,,291,26,0,61 74 75 76 77 103,0,90,,307,13,0,61 74 75 76 77 103,0,10,,292,23,0,61 74 75 76 77 103,0,85,,308,13,0,61 74 75 76 77 103,0,15,,293,24,0,61 74 75 76 77 103,0,100,,296,24,0,61 74 75 76 77 103,0,75,,297,23,0,61 74 75 76 77 103,0,15,,309,13,0,61 74 75 76 77 103,0,10,,298,26,0,61 74 75 76 77 103,0
54000,'725616403949496a5c67',1325,,310,13,0,61 74 75 76 77 103,0
54200,'5e2b1a64573d314d5f51',735,,392,23,4,,0,115,,393,19,4,,0,299,,394,17,4,,0,186,,395,25,4,,0,305,,396,23,4,,0,180,,391,23,4,,0
54200,'62061874353c664e5006',742,,399,15,4,,0
54200,'734c3e1b1c1138406a07',810,,400,23,4,,0
54201,'5e2b1a64573d314d5f51',815,,404,2,0,26 105 106,0,400,,405,2,0,26 105 106,0,195,,406,2,0,26 105 106,0,305,,407,2,0,26 105 106,0,35,,408,2,0,26 105 106,0,65,,402,2,0,26 105 106,0,35,,403,2,0,26 105 106,0
54201,'734c3e1b1c1138406a07',705,,411,2,0,26 105 106,0
55300,'2a08755845643968295b',713,,521,18,4,,0
55300,'2a5b3362091f52630354',813,,525,18,4,,0
55300,'4d7a6615443531084902',1443,,526,18,4,,0
57300,'5e2b1a64573d314d5f51',740,,658,16,0,61 74 75 76 77 103,0,660,,659,16,0,61 74 75 76 77 103,0,340,,660,16,0,61 74 75 76 77 103,0
57300,'62061874353c664e5006',810,,663,16,0,61 74 75 76 77 103,0
57400,'5e2b1a64573d314d5f51',732,,672,12,0,61 74 75 76 77 103,0,596,,673,10,0,61 74 75 76 77 103,0,410,,674,10,0,61 74 75 76 77 103,0
57400,'62061874353c664e5006',715,,676,8,0,61 74 75 76 77 103,0,95,,677,10,0,61 74 75 76 77 103,0
