54001,'1c2e3625233d01453772',724,,763,11,0,58 59,0
54001,'20650565243b6617121a',1104,,765,11,0,58 59,0,225,,764,7,0,58 59,0
54001,'220e7e723c71704c1463',749,,323,11,0,58 59,0,254,,324,11,0,47 48,0,30,,325,11,0,60 61 62 63,0,70,,326,11,0,58 59,0,30,,327,11,0,60 61 62 63,0,70,,328,11,0,47 48,0,30,,329,11,0,60 61 62 63,0,25,,311,11,0,58 59,0,75,,312,11,0,60 61 62 63,0,25,,313,11,0,58 59,0,75,,314,11,0,60 61 62 63,0,25,,315,11,0,58 59,0,75,,316,11,0,60 61 62 63,0,70,,317,11,0,47 48,0,30,,318,11,0,60 61 62 63,0,70,,319,11,0,58 59,0,30,,320,11,0,60 61 62 63,0,25,,321,11,0,47 48,0,75,,322,11,0,60 61 62 63,0
54001,'2a08755845643968295b',709,,330,11,0,58 59,0,149,,334,11,0,58 59,0,1000,,331,11,0,58 59,0,60,,332,11,0,58 59,0,100,,333,11,0,58 59,0
54001,'2a5b3362091f52630354',724,,343,17,0,58 59,0,90,,350,17,0,58 59,0,90,,353,17,0,58 59,0,100,,354,17,0,58 59,0,2,,356,11,0,60 64,0,100,,357,11,0,60 64,0,98,,355,17,0,47 48,0,102,,358,11,0,60 64,0,1,,335,13,0,58 59,0,27,,336,17,0,58 59,0,75,,337,17,0,58 59,0,95,,338,17,0,58 59,0,2,,359,11,0,60 64,0,98,,339,17,0,47 48,0,103,,340,13,0,58 59,0,12,,341,14,0,58 59,0,20,,342,17,0,58 59,0,68,,344,13,0,47 48,0,17,,345,14,0,58 59,0,15,,346,17,0,58 59,0,68,,347,13,0,58 59,0,17,,348,17,0,58 59,0,95,,349,17,0,58 59,0
54001,'31744f7e5638320a2d4c',1329,,766,8,0,58 59,0
54001,'3b110f002e63067b2820',1006,,767,11,0,60 64,0
54001,'4b486d3f75551347753d',904,,769,11,0,58 59,0,803,,768,7,0,58 59,0
54001,'4f0277002864772e6462',814,,781,11,0,58 59,0,190,,782,11,0,58 59,0,200,,783,11,0,47 48,0,103,,770,7,0,58 59,0,27,,771,11,0,58 59,0,75,,772,11,0,58 59,0,95,,773,11,0,58 59,0,100,,774,11,0,47 48,0,135,,775,11,0,58 59,0,68,,776,7,0,47 48,0,32,,777,11,0,58 59,0,68,,778,7,0,58 59,0,17,,779,11,0,58 59,0,95,,780,11,0,58 59,0
54001,'6f166c68066d266f1856',1106,,784,11,0,60 64,0,200,,785,11,0,60 64,0,200,,786,11,0,60 64,0
54001,'725616403949496a5c67',1329,,360,14,0,58 59,0
54001,'7f443a14596255477616',1719,,787,8,0,58 59,0,105,,788,8,0,58 59,0
54100,'1a20552b5a400f716a1b',831,,363,9,0,60 61 62 63,0,475,,364,9,0,60 61 62 63,0,320,,361,9,0,60 61 62 63,0,200,,362,9,0,60 61 62 63,0
54100,'220e7e723c71704c1463',851,,369,9,0,60 61 62 63,0,100,,370,9,0,60 61 62 63,0,155,,371,9,0,60 61 62 63,0,100,,372,9,0,60 61 62 63,0,100,,373,9,0,60 61 62 63,0,100,,374,9,0,60 61 62 63,0,100,,375,9,0,60 61 62 63,0,100,,365,9,0,60 61 62 63,0,200,,366,9,0,60 61 62 63,0,100,,367,9,0,60 61 62 63,0,100,,368,9,0,60 61 62 63,0
