52000,'1c2e3625233d01453772',640,,698,1,0,25 26 27 28 29 30,0
52000,'1f5759673f12020b0a50',1320,,702,1,0,25 26 27 28 29 30,0
52000,'4f0277002864772e6462',830,,705,1,0,20 21 22 23 24,0
52000,'7f443a14596255477616',600,,707,1,0,25 26 27 28 29 30,0
52001,'1c2e3625233d01453772',826,,713,10,4,,0,400,,723,10,4,,0,400,,711,10,4,,0,375,,714,27,4,,0
52001,'1f5759673f12020b0a50',1248,,727,27,4,,0,678,,725,10,4,,0
52100,'02070559307629202a09',1320,,104,1,0,25 26 27 28 29 30,0
52100,'2a5b3362091f52630354',600,,105,1,0,25 26 27 28 29 30,0
52100,'4d7a6615443531084902',640,,107,1,0,25 26 27 28 29 30,0
52101,'02070559307629202a09',1247,,110,27,4,,0
52101,'4d7a6615443531084902',2015,,116,27,4,,0
52200,'52166b36781a3037644c',830,,127,1,0,20 21 22 23 24,0
52201,'02070559307629202a09',1923,,130,10,4,,0
52201,'4d7a6615443531084902',823,,131,10,4,,0,400,,133,10,4,,0
