55000,'02070559307629202a09',840,,435,11,0,35 36 37,0,200,,436,11,0,35 36 37,0,100,,437,11,0,35 36 37,0,200,,432,11,0,35 36 37,0,200,,433,11,0,35 36 37,0,180,,434,11,0,35 36 37,0
55000,'0a067c057b2b05087239',705,,801,6,0,35 45 116,0
55000,'0a2f1e22095132130163',1640,,438,6,0,35 38,0,100,,439,6,0,35 38,0,100,,441,6,0,35 38,0
55000,'14187635613e43612170',905,,803,6,0,35 45 116,0,100,,804,6,0,35 45 116,0,300,,802,11,0,35 45 116,0
55000,'1a223768176411647430',1755,,805,7,0,35 45 116,0
55000,'2a08755845643968295b',705,,446,6,0,35 36 37,0,200,,447,6,0,35 36 37,0,100,,449,6,0,35 36 37,0,300,,442,6,0,35 36 37,0,450,,445,7,0,35 36 37,0
55000,'2a5b3362091f52630354',720,,458,6,0,35 36 37,0,185,,459,6,0,35 38,0,100,,461,6,0,35 38,0,300,,453,11,0,35 38,0
55000,'31744f7e5638320a2d4c',1340,,809,6,0,35 45 116,0
55000,'553d275f1455102c362a',1640,,814,6,0,35 45 116,0,100,,815,6,0,35 45 116,0,100,,817,6,0,35 45 116,0
55000,'56061576073054406d39',1755,,818,7,0,35 45 116,0
55000,'5a5962265f3f1c435f26',935,,463,11,0,35 36 37,0,400,,462,11,0,35 36 37,0
55000,'725616403949496a5c67',1340,,469,6,0,35 38,0,415,,470,7,0,35 81,0
55000,'7f443a14596255477616',720,,822,6,0,35 36 37,0
55300,'2a5b3362091f52630354',623,,522,5,0,25 26 27 28 29 30,0
55300,'7f443a14596255477616',624,,850,5,0,25 26 27 28 29 30,0
