53000,'4d1c4f29782b127f5736',952,,165,14,,,0,600,,163,14,,,0,200,,164,14,,,0
53000,'5d6776271a7e333e1319',1152,,166,14,,,0
53000,'5e2b1a64573d314d5f51',643,,176,15,,,0,110,,177,14,,,0,94,,178,14,,,0,205,,167,14,,,0,95,,168,14,,,0,105,,169,14,,,0,105,,170,14,,,0,90,,171,14,,,0,205,,172,14,,,0,205,,174,14,,,0
53000,'734c3e1b1c1138406a07',622,,181,15,,,0,96,,182,15,,,0
53001,'06207727403d2a283145',1802,,183,14,,,0
53001,'4d1c4f29782b127f5736',1559,,184,14,,,0
53001,'57250a1f2855612e2d17',1331,,185,15,,,0
53001,'5d6776271a7e333e1319',959,,186,14,,,0,200,,187,14,,,0
53001,'5e2b1a64573d314d5f51',859,,196,14,,,0,142,,197,15,,,0,58,,198,14,,,0,245,,199,14,,,0,7,,200,15,,,0,93,,188,14,,,0,97,,189,15,,,0,158,,190,14,,,0,67,,191,15,,,0,100,,192,15,,,0,28,,193,14,,,0,72,,194,15,,,0,93,,195,14,,,0
53001,'62061874353c664e5006',1324,,201,14,,,0,395,,202,14,,,0,95,,205,14,,,0,1,,203,14,,,0,99,,206,14,,,0
53001,'734c3e1b1c1138406a07',814,,208,14,,,0,1015,,207,14,,,0
