52000,'1c2e3625233d01453772',540,,696,1,0,25 26 27 28 29 30,0,104,,698,2,0,25 26 27 28 29 30,0,86,,699,1,0,20 21 22 23 24,0,200,,686,1,0,20 21 22 23 24,0,200,,688,1,0,20 21 22 23 24,0,290,,690,1,0,25 26 27 28 29 30,0,110,,691,1,0,20 21 22 23 24,0,215,,694,1,0,20 21 22 23 24,0,170,,695,1,0,25 26 27 28 29 30,0
52000,'1f5759673f12020b0a50',1030,,701,1,0,20 21 22 23 24,0,294,,702,2,0,25 26 27 28 29 30,0,306,,703,1,0,20 21 22 23 24,0,200,,704,1,0,20 21 22 23 24,0
52000,'4f0277002864772e6462',834,,705,2,0,20 21 22 23 24,0
52000,'7f443a14596255477616',604,,707,2,0,25 26 27 28 29 30,0
52100,'02070559307629202a09',1324,,104,2,0,25 26 27 28 29 30,0
52100,'2a5b3362091f52630354',604,,105,2,0,25 26 27 28 29 30,0
52100,'4d7a6615443531084902',540,,106,1,0,25 26 27 28 29 30,0,104,,107,2,0,25 26 27 28 29 30,0,776,,108,1,0,25 26 27 28 29 30,0,495,,109,1,0,25 26 27 28 29 30,0
52200,'02070559307629202a09',1030,,119,1,0,20 21 22 23 24,0,600,,120,1,0,20 21 22 23 24,0,200,,121,1,0,20 21 22 23 24,0
52200,'4d7a6615443531084902',730,,122,1,0,20 21 22 23 24,0,200,,123,1,0,20 21 22 23 24,0,200,,124,1,0,20 21 22 23 24,0,400,,125,1,0,20 21 22 23 24,0,215,,126,1,0,20 21 22 23 24,0
52200,'52166b36781a3037644c',834,,127,2,0,20 21 22 23 24,0
