54000,'220e7e723c71704c1463',1002,,278,14,0,25 26 27 28 29 30,0,55,,279,11,0,25 26 27 28 29 30,0,87,,280,8,0,25 26 27 28 29 30,0,13,,281,11,0,25 26 27 28 29 30,0,87,,282,8,0,25 26 27 28 29 30,0,58,,264,14,0,25 26 27 28 29 30,0,42,,265,8,0,25 26 27 28 29 30,0,73,,266,11,0,25 26 27 28 29 30,0,27,,267,8,0,25 26 27 28 29 30,0,13,,268,14,0,25 26 27 28 29 30,0,87,,269,8,0,25 26 27 28 29 30,0,13,,270,11,0,25 26 27 28 29 30,0,87,,271,8,0,25 26 27 28 29 30,0,13,,272,11,0,25 26 27 28 29 30,0,87,,273,8,0,25 26 27 28 29 30,0,13,,274,11,0,25 26 27 28 29 30,0,70,,275,11,0,25 26 27 28 29 30,0,17,,276,8,0,25 26 27 28 29 30,0
54000,'2a08755845643968295b',652,,283,11,0,25 26 27 28 29 30,0,100,,287,11,0,25 26 27 28 29 30,0,150,,288,11,0,25 26 27 28 29 30,0,1000,,284,14,0,25 26 27 28 29 30,0,100,,285,11,0,25 26 27 28 29 30,0,100,,286,11,0,25 26 27 28 29 30,0
54000,'2a21514a4e2b3103627a',1648,,735,11,0,25 26 27 28 29 30,0
54000,'2a5b3362091f52630354',1144,,306,7,0,25 26 27 28 29 30,0,400,,307,7,0,25 26 27 28 29 30,0,95,,308,7,0,25 26 27 28 29 30,0,205,,309,7,0,25 26 27 28 29 30,0
54000,'3b110f002e63067b2820',1844,,738,7,0,25 26 27 28 29 30,0
54000,'4222041c237916795e5b',1648,,739,11,0,25 26 27 28 29 30,0
54000,'4b486d3f75551347753d',848,,740,11,0,25 26 27 28 29 30,0,200,,741,11,0,25 26 27 28 29 30,0
54000,'4f0277002864772e6462',638,,749,11,0,25 26 27 28 29 30,0,15,,750,11,0,25 26 27 28 29 30,0,75,,751,11,0,25 26 27 28 29 30,0,25,,752,11,0,25 26 27 28 29 30,0,195,,753,14,0,25 26 27 28 29 30,0,300,,742,11,0,25 26 27 28 29 30,0,110,,743,11,0,25 26 27 28 29 30,0,90,,744,14,0,25 26 27 28 29 30,0,100,,745,11,0,25 26 27 28 29 30,0,200,,746,11,0,25 26 27 28 29 30,0,75,,747,11,0,25 26 27 28 29 30,0,25,,748,14,0,25 26 27 28 29 30,0
54000,'5839460d757725570f41',1448,,756,11,0,25 26 27 28 29 30,0
54000,'6f166c68066d266f1856',1144,,757,7,0,25 26 27 28 29 30,0,400,,758,7,0,25 26 27 28 29 30,0,95,,759,7,0,25 26 27 28 29 30,0
54000,'7f443a14596255477616',628,,760,11,0,25 26 27 28 29 30,0
54101,'1a20552b5a400f716a1b',1043,,377,8,0,33 102 103,0,80,,378,8,0,33 102 103,0,315,,379,8,0,33 102 103,0,485,,376,8,0,33 102 103,0
54101,'220e7e723c71704c1463',831,,385,2,0,33 102 103,0,125,,386,8,0,33 102 103,0,147,,387,8,0,33 102 103,0,115,,388,8,0,33 102 103,0,100,,389,8,0,33 102 103,0,100,,390,8,0,33 102 103,0,100,,380,8,0,33 102 103,0,100,,381,8,0,33 102 103,0,100,,382,8,0,33 102 103,0,200,,383,8,0,33 102 103,0,100,,384,8,0,33 102 103,0
