54001,'220e7e723c71704c1463',715,,323,2,0,28 29,0,210,,324,2,,,0,29,,325,2,0,30 31 32 33,0,71,,326,2,0,28 29,0,30,,327,2,0,30 31 32 33,0,70,,328,2,,,0,30,,329,2,0,30 31 32 33,0,65,,311,2,0,28 29,0,35,,312,2,0,30 31 32 33,0,65,,313,2,0,28 29,0,35,,314,2,0,30 31 32 33,0,65,,315,2,0,28 29,0,35,,316,2,0,30 31 32 33,0,70,,317,2,,,0,30,,318,2,0,30 31 32 33,0,70,,319,2,0,28 29,0,30,,320,2,0,30 31 32 33,0,65,,321,2,,,0,35,,322,2,0,30 31 32 33,0
54001,'2a08755845643968295b',635,,330,2,0,28 29,0,185,,334,2,0,28 29,0,1000,,331,2,0,28 29,0,20,,332,2,0,28 29,0,100,,333,2,0,28 29,0
54001,'2a5b3362091f52630354',640,,343,2,0,28 29,0,90,,350,2,0,28 29,0,10,,352,2,0,22 65 66,0,80,,353,2,0,28 29,0,100,,354,2,0,28 29,0,5,,356,2,0,30 34,0,100,,357,2,0,30 34,0,95,,355,2,,,0,105,,358,2,0,30 34,0,25,,336,2,0,28 29,0,75,,337,2,0,28 29,0,95,,338,2,0,28 29,0,5,,359,2,0,30 34,0,95,,339,2,,,0,105,,340,2,0,28 29,0,10,,341,2,0,28 29,0,20,,342,2,0,28 29,0,70,,344,2,,,0,15,,345,2,0,28 29,0,15,,346,2,0,28 29,0,70,,347,2,0,28 29,0,15,,348,2,0,28 29,0,95,,349,2,0,28 29,0
54001,'725616403949496a5c67',1245,,360,2,0,28 29,0
55301,'4d7a6615443531084902',1216,,533,2,0,67 11,0,600,,534,2,0,67 11,0
57301,'5e2b1a64573d314d5f51',815,,666,2,0,25 26 27,0,400,,667,2,0,25 26 27,0,600,,668,2,0,25 26 27,0
57301,'68215d673a035f6f0223',1715,,671,2,0,25 26 27,0
57401,'2910694d611e54493e1f',1717,,678,2,,,0
57401,'5e2b1a64573d314d5f51',832,,680,2,,,0,390,,681,2,,,0,595,,682,2,,,0
57401,'62061874353c664e5006',1627,,683,2,,,0
