52001,'2a5b3362091f52630354',1732,,95,12,0,20 21 22 23 24,0,100,,96,12,0,20 21 22 23 24,0
52001,'4d7a6615443531084902',839,,97,17,0,20 21 22 23 24,0,75,,98,15,0,20 21 22 23 24,0,200,,99,15,0,20 21 22 23 24,0,234,,100,15,0,20 21 22 23 24,0,160,,101,15,0,20 21 22 23 24,0,440,,102,17,0,20 21 22 23 24,0
52001,'725616403949496a5c67',1342,,103,12,0,20 21 22 23 24,0
52101,'02070559307629202a09',1213,,110,17,0,97 36,0
52101,'2a08755845643968295b',1838,,111,17,0,98 50,0
52101,'2a5b3362091f52630354',1721,,112,9,0,98 50,0,100,,113,9,0,98 50,0
52101,'4d7a6615443531084902',1323,,114,17,0,98 50,0,390,,115,17,0,98 50,0,225,,116,17,0,97 36,0,100,,117,17,0,98 50,0
52101,'725616403949496a5c67',1331,,118,9,0,98 50,0
56001,'1f06603d1d7b4f2e4171',919,,558,9,0,67 19 23 68,0,385,,559,9,0,67 19 23 68,0,200,,556,9,0,67 37,0,405,,557,9,0,67 37,0
56001,'5e2b1a64573d314d5f51',739,,564,9,0,5 6 7,0,180,,565,9,0,8 9,0,785,,561,9,0,8 9,0,130,,562,9,0,8 9,0
