56000,'02070559307629202a09',1003,,540,15,0,20 21 22 23 24,0,155,,541,21,0,20 21 22 23 24,0,200,,537,23,0,20 21 22 23 24,0,390,,538,23,0,25 26 27 28 29 30,0
56000,'0a3c663a7d504d200835',1618,,861,22,0,25 26 27 28 29 30,0
56000,'1a20552b5a400f716a1b',1000,,544,5,0,25 26 27 28 29 30,0,200,,545,5,0,25 26 27 28 29 30,0,400,,542,5,0,25 26 27 28 29 30,0,145,,543,5,0,25 26 27 28 29 30,0
56000,'1c2e3625233d01453772',1023,,865,15,0,20 21 22 23 24,0,235,,866,23,0,20 21 22 23 24,0,181,,862,18,0,20 21 22 23 24,0,299,,863,23,4,,0,20,,864,15,0,25 26 27 28 29 30,0
56000,'1f5759673f12020b0a50',1003,,870,15,0,20 21 22 23 24,0,155,,871,21,0,20 21 22 23 24,0,200,,867,23,0,20 21 22 23 24,0,390,,868,23,0,25 26 27 28 29 30,0
56000,'3823594e52252d7f6b14',1000,,874,5,0,25 26 27 28 29 30,0,200,,875,5,0,25 26 27 28 29 30,0,400,,872,5,0,25 26 27 28 29 30,0,145,,873,5,0,25 26 27 28 29 30,0
56000,'4d7a6615443531084902',1023,,549,15,0,20 21 22 23 24,0,235,,550,23,0,20 21 22 23 24,0,181,,546,18,0,20 21 22 23 24,0,299,,547,23,4,,0,20,,548,15,0,25 26 27 28 29 30,0
56000,'4f0277002864772e6462',625,,877,7,4,,0,34,,879,18,0,25 26 27 28 29 30,0,194,,880,21,0,25 26 27 28 29 30,0,765,,876,21,0,25 26 27 28 29 30,0,330,,878,15,0,20 21 22 23 24,0
56000,'52166b36781a3037644c',625,,553,7,4,,0,34,,554,18,0,25 26 27 28 29 30,0,194,,555,21,0,25 26 27 28 29 30,0,765,,551,21,0,25 26 27 28 29 30,0,330,,552,15,0,20 21 22 23 24,0
56100,'1f06603d1d7b4f2e4171',1720,,573,8,4,,0
56100,'5e2b1a64573d314d5f51',1605,,574,8,4,,0,145,,575,8,4,,0
56100,'6706020c382341356e26',1150,,576,8,4,,0
56100,'734c3e1b1c1138406a07',1250,,577,8,4,,0
56101,'1f06603d1d7b4f2e4171',1025,,578,1,0,18 19,0
56101,'5e2b1a64573d314d5f51',845,,579,1,0,18 19,0,185,,580,1,0,18 19,0
56101,'6706020c382341356e26',1205,,581,1,0,18 19,0
56101,'734c3e1b1c1138406a07',1305,,582,1,0,18 19,0
56400,'183c4e6962076a683377',1105,,881,2,0,69 26,0
56400,'1a20552b5a400f716a1b',1700,,583,2,0,69 26,0
56400,'220e7e723c71704c1463',1745,,584,2,0,69 26,0
56400,'39206428010a3522612d',1745,,882,2,0,69 26,0
56400,'4210105e07251f32714c',1700,,883,2,0,69 26,0
56400,'5e3b7e4e66044d16561a',1105,,585,2,0,69 26,0
56401,'183c4e6962076a683377',1050,,884,2,0,70 71 72,0,105,,885,2,0,70 71 72,0
56401,'220e7e723c71704c1463',840,,586,1,0,70 71 72,0
56401,'39206428010a3522612d',840,,886,1,0,70 71 72,0
56401,'5e3b7e4e66044d16561a',1050,,587,2,0,70 71 72,0,105,,588,2,0,70 71 72,0
56600,'1f06603d1d7b4f2e4171',1551,,589,19,4,,0,179,,590,15,4,,0
56600,'5e2b1a64573d314d5f51',841,,591,10,4,,0,180,,592,10,4,,0,528,,593,11,4,,0
56600,'6706020c382341356e26',1158,,594,11,4,,0
56600,'734c3e1b1c1138406a07',1258,,595,11,4,,0
56900,'5e2b1a64573d314d5f51',830,,604,8,0,31 32,0,575,,605,8,0,31 32,0
56901,'1f06603d1d7b4f2e4171',1025,,606,15,4,,0,930,,608,16,4,,0
56901,'5e2b1a64573d314d5f51',1410,,609,19,0,18 19,0,415,,610,19,0,18 19,0
