51100,'734c3e1b1c1138406a07',650,,64,1,0,104 26 91,0,500,,67,1,0,104 26 91,0,465,,70,1,0,104 26 91,0
51101,'734c3e1b1c1138406a07',735,,71,6,4,,0,670,,75,6,4,,0,410,,77,6,4,,0
57000,'2a5b3362091f52630354',650,,611,1,0,25 26 27 28 29 30,0
57000,'4f0277002864772e6462',655,,891,10,0,25 26 27 28 29 30,0,65,,889,1,0,25 26 27 28 29 30,0,35,,890,10,0,25 26 27 28 29 30,0,65,,892,1,0,25 26 27 28 29 30,0,200,,893,1,0,25 26 27 28 29 30,0,105,,894,10,0,25 26 27 28 29 30,0,200,,895,10,0,25 26 27 28 29 30,0,200,,896,10,0,25 26 27 28 29 30,0,215,,887,10,0,25 26 27 28 29 30,0,85,,888,10,0,25 26 27 28 29 30,0
57000,'52166b36781a3037644c',656,,616,10,0,25 26 27 28 29 30,0,64,,614,1,0,25 26 27 28 29 30,0,36,,615,10,0,25 26 27 28 29 30,0,64,,617,1,0,25 26 27 28 29 30,0,200,,618,1,0,25 26 27 28 29 30,0,103,,619,10,0,25 26 27 28 29 30,0,205,,620,10,0,25 26 27 28 29 30,0,195,,621,10,0,25 26 27 28 29 30,0,200,,612,10,0,25 26 27 28 29 30,0,94,,613,10,0,25 26 27 28 29 30,0
57000,'7f443a14596255477616',650,,897,1,0,25 26 27 28 29 30,0
57001,'4f0277002864772e6462',820,,901,8,4,,0,18,,902,8,0,44 45 46,0,100,,903,8,4,,0,300,,904,8,0,44 45 46,0,405,,905,8,0,44 45 46,0,105,,906,8,0,44 45 46,0,95,,899,8,0,44 45 46,0,75,,900,8,0,44 45 46,0
57001,'52166b36781a3037644c',815,,627,8,4,,0,19,,628,8,0,44 45 46,0,101,,629,8,4,,0,299,,630,8,0,44 45 46,0,400,,631,8,0,44 45 46,0,100,,632,8,0,44 45 46,0,100,,625,8,0,44 45 46,0,75,,626,8,0,44 45 46,0
57100,'2a5b3362091f52630354',752,,634,9,4,,0
57100,'4f0277002864772e6462',1020,,911,9,4,,0,102,,912,9,0,25 26 27 28 29 30,0,500,,914,9,0,25 26 27 28 29 30,0
57100,'52166b36781a3037644c',1018,,636,9,4,,0,105,,637,9,0,25 26 27 28 29 30,0,500,,639,9,0,25 26 27 28 29 30,0
57100,'7f443a14596255477616',748,,916,9,4,,0
57101,'2a5b3362091f52630354',815,,641,1,0,51 52,0
57101,'4f0277002864772e6462',1240,,918,1,0,51 52,0,194,,919,6,0,51 52,0,310,,920,6,0,51 52,0,100,,921,6,0,51 52,0,63,,922,6,0,51 52,0
57101,'52166b36781a3037644c',1240,,643,1,0,51 52,0,191,,644,6,0,51 52,0,300,,645,6,0,51 52,0,100,,646,6,0,51 52,0,75,,647,6,0,51 52,0
57101,'7f443a14596255477616',820,,923,1,0,51 52,0
