56000,'52166b36781a3037644c',606,,553,5,0,18 19 98,0
56600,'1f06603d1d7b4f2e4171',1526,,589,15,0,18 19 98,0,174,,590,11,0,18 19 98,0
56600,'5e2b1a64573d314d5f51',820,,591,6,0,18 19 98,0,180,,592,6,0,18 19 98,0,527,,593,7,0,18 19 98,0
56600,'6706020c382341356e26',1137,,594,7,0,18 19 98,0
56600,'734c3e1b1c1138406a07',1237,,595,7,0,18 19 98,0
56601,'1f06603d1d7b4f2e4171',1050,,596,5,0,94 95 96,0,380,,597,5,0,6 97,0
56601,'5e2b1a64573d314d5f51',1735,,598,5,0,8 2 9 99,0,90,,599,5,0,11 100,0
56601,'6706020c382341356e26',1225,,600,5,0,8 2 9 99,0
56601,'734c3e1b1c1138406a07',1325,,601,5,0,8 2 9 99,0
56900,'5e2b1a64573d314d5f51',956,,604,25,4,,0,575,,605,25,4,,0
56901,'5e2b1a64573d314d5f51',1245,,609,1,0,26 101,0,455,,610,1,0,26 101,0
