55000,'02070559307629202a09',855,,435,17,0,35 36 37,0,200,,436,17,0,35 36 37,0,100,,437,17,0,35 36 37,0,200,,432,17,0,35 36 37,0,200,,433,17,0,35 36 37,0,180,,434,17,0,35 36 37,0
55000,'0a067c057b2b05087239',718,,801,12,0,35 45 116,0
55000,'0a2f1e22095132130163',1705,,438,13,0,35 38,0,41,,440,8,0,78 19,0,159,,441,13,0,35 38,0
55000,'14187635613e43612170',918,,803,12,0,35 45 116,0,100,,804,12,0,35 45 116,0,300,,802,17,0,35 45 116,0
55000,'1a223768176411647430',1808,,805,13,0,35 45 116,0
55000,'2a08755845643968295b',720,,446,12,0,35 36 37,0,200,,447,12,0,35 36 37,0,100,,449,12,0,35 36 37,0,300,,442,12,0,35 36 37,0,490,,445,13,0,35 36 37,0
55000,'2a5b3362091f52630354',720,,456,1,0,35 36 37,0,198,,459,12,0,35 38,0,100,,461,12,0,35 38,0,300,,453,17,0,35 38,0
55000,'31744f7e5638320a2d4c',1346,,808,3,0,78 19,0
55000,'553d275f1455102c362a',1705,,814,13,0,35 45 116,0,41,,816,8,0,78 19,0,159,,817,13,0,35 45 116,0
55000,'56061576073054406d39',1808,,818,13,0,35 45 116,0
55000,'5a5962265f3f1c435f26',950,,463,17,0,35 36 37,0,400,,462,17,0,35 36 37,0
55000,'725616403949496a5c67',1346,,468,3,0,78 19,0,462,,470,13,0,35 81,0
55000,'7f443a14596255477616',720,,820,1,0,35 36 37,0
55300,'1c2e3625233d01453772',1357,,848,6,0,25 26 27 28 29 30,0
55300,'2a5b3362091f52630354',637,,522,11,0,25 26 27 28 29 30,0
55300,'59737b0d0f044b52693e',627,,849,6,0,25 26 27 28 29 30,0
55300,'7f443a14596255477616',631,,851,2,0,25 26 27 28 29 30,0,96,,852,6,0,25 26 27 28 29 30,0
