56100,'1f06603d1d7b4f2e4171',1655,,573,2,0,18 19 98,0
56100,'5e2b1a64573d314d5f51',1540,,574,2,0,18 19 98,0,185,,575,2,0,18 19 98,0
56100,'6706020c382341356e26',1125,,576,2,0,18 19 98,0
56100,'734c3e1b1c1138406a07',1225,,577,2,0,18 19 98,0
56101,'1f06603d1d7b4f2e4171',1055,,578,7,0,26 101,0
56101,'5e2b1a64573d314d5f51',910,,579,7,0,26 101,0,145,,580,7,0,26 101,0
56101,'6706020c382341356e26',1230,,581,7,0,26 101,0
56101,'734c3e1b1c1138406a07',1330,,582,7,0,26 101,0
56900,'5e2b1a64573d314d5f51',805,,604,2,0,21 104,0,535,,605,2,0,21 104,0
56901,'5e2b1a64573d314d5f51',1440,,609,25,0,26 101,0,415,,610,25,0,26 101,0
