51100,'734c3e1b1c1138406a07',829,,65,5,0,95 96,0,200,,66,5,0,95 96,0,280,,68,5,0,95 96,0,150,,69,5,0,95 96,0
52001,'2a5b3362091f52630354',1713,,95,10,0,20 21 22 23 24,0,100,,96,10,0,20 21 22 23 24,0
52001,'4d7a6615443531084902',813,,97,10,0,20 21 22 23 24,0,35,,98,10,0,20 21 22 23 24,0,200,,99,10,0,20 21 22 23 24,0,279,,100,10,0,20 21 22 23 24,0,120,,101,10,0,20 21 22 23 24,0,480,,102,10,0,20 21 22 23 24,0
52001,'725616403949496a5c67',1323,,103,10,0,20 21 22 23 24,0
52101,'02070559307629202a09',1147,,110,10,0,97 36,0
52101,'2a08755845643968295b',1812,,111,10,0,98 50,0
52101,'2a5b3362091f52630354',1655,,112,2,0,98 50,0,100,,113,2,0,98 50,0
52101,'4d7a6615443531084902',1257,,114,10,0,98 50,0,390,,115,10,0,98 50,0,265,,116,10,0,97 36,0,100,,117,10,0,98 50,0
52101,'725616403949496a5c67',1305,,118,2,0,98 50,0
56001,'1f06603d1d7b4f2e4171',905,,558,6,0,67 19 23 68,0,345,,559,6,0,67 19 23 68,0,200,,556,6,0,67 37,0,405,,557,6,0,67 37,0
56001,'5e2b1a64573d314d5f51',726,,564,6,0,5 6 7,0,180,,565,6,0,8 9,0,745,,561,6,0,8 9,0,170,,562,6,0,8 9,0
