53000,'4d1c4f29782b127f5736',935,,165,6,0,61 74 75 76 77 103,0,600,,163,6,0,61 74 75 76 77 103,0,200,,164,6,0,61 74 75 76 77 103,0
53000,'5d6776271a7e333e1319',1135,,166,6,0,61 74 75 76 77 103,0
53000,'5e2b1a64573d314d5f51',626,,176,6,0,61 74 75 76 77 103,0,110,,177,6,0,61 74 75 76 77 103,0,94,,178,6,0,61 74 75 76 77 103,0,205,,167,6,0,61 74 75 76 77 103,0,95,,168,6,0,61 74 75 76 77 103,0,105,,169,6,0,61 74 75 76 77 103,0,105,,170,6,0,61 74 75 76 77 103,0,90,,171,6,0,61 74 75 76 77 103,0,205,,172,6,0,61 74 75 76 77 103,0,205,,174,6,0,61 74 75 76 77 103,0
53000,'734c3e1b1c1138406a07',605,,181,6,0,61 74 75 76 77 103,0,96,,182,6,0,61 74 75 76 77 103,0
53001,'06207727403d2a283145',1824,,183,22,0,61 164 165,0
53001,'4d1c4f29782b127f5736',1616,,184,22,0,61 164 165,0
53001,'57250a1f2855612e2d17',1350,,185,23,0,61 164 165,0
53001,'5d6776271a7e333e1319',1016,,186,22,0,61 164 165,0,200,,187,22,0,61 164 165,0
53001,'5e2b1a64573d314d5f51',916,,196,22,0,61 164 165,0,104,,197,23,0,61 164 165,0,96,,198,22,0,61 164 165,0,205,,199,22,0,61 164 165,0,9,,200,23,0,61 164 165,0,91,,188,22,0,61 164 165,0,99,,189,23,0,61 164 165,0,196,,190,22,0,61 164 165,0,29,,191,23,0,61 164 165,0,100,,192,23,0,61 164 165,0,68,,193,22,0,61 164 165,0,32,,194,23,0,61 164 165,0,91,,195,22,0,61 164 165,0
53001,'62061874353c664e5006',1341,,201,23,0,61 164 165,0,395,,202,23,0,61 164 165,0,97,,205,23,0,61 164 165,0,4,,203,22,0,61 164 165,0,96,,206,23,0,61 164 165,0
53001,'734c3e1b1c1138406a07',831,,208,22,0,61 164 165,0,1017,,207,22,0,61 164 165,0
