53000,'4d1c4f29782b127f5736',1000,,165,16,0,25 26 27 28 29 30,0,600,,163,16,0,25 26 27 28 29 30,0,200,,164,16,0,25 26 27 28 29 30,0
53000,'5d6776271a7e333e1319',1200,,166,16,0,25 26 27 28 29 30,0
53000,'5e2b1a64573d314d5f51',650,,175,1,0,25 26 27 28 29 30,0,1,,176,17,0,25 26 27 28 29 30,0,150,,177,16,0,25 26 27 28 29 30,0,54,,178,16,0,25 26 27 28 29 30,0,245,,167,16,0,25 26 27 28 29 30,0,55,,168,16,0,25 26 27 28 29 30,0,145,,169,16,0,25 26 27 28 29 30,0,105,,170,16,0,25 26 27 28 29 30,0,50,,171,16,0,25 26 27 28 29 30,0,245,,172,16,0,25 26 27 28 29 30,0,140,,173,1,0,25 26 27 28 29 30,0,65,,174,16,0,25 26 27 28 29 30,0
53000,'62061874353c664e5006',630,,179,1,0,25 26 27 28 29 30,0,95,,180,1,0,25 26 27 28 29 30,0
53000,'734c3e1b1c1138406a07',630,,181,17,0,25 26 27 28 29 30,0,96,,182,17,0,25 26 27 28 29 30,0
53001,'06207727403d2a283145',1800,,183,13,0,118 26 119,0
53001,'4d1c4f29782b127f5736',1557,,184,13,0,118 26 119,0
53001,'57250a1f2855612e2d17',1329,,185,14,0,118 26 119,0
53001,'5d6776271a7e333e1319',957,,186,13,0,118 26 119,0,200,,187,13,0,118 26 119,0
53001,'5e2b1a64573d314d5f51',857,,196,13,0,118 26 119,0,102,,197,14,0,118 26 119,0,98,,198,13,0,118 26 119,0,245,,199,13,0,118 26 119,0,7,,200,14,0,118 26 119,0,93,,188,13,0,118 26 119,0,57,,189,14,0,118 26 119,0,198,,190,13,0,118 26 119,0,67,,191,14,0,118 26 119,0,100,,192,14,0,118 26 119,0,28,,193,13,0,118 26 119,0,72,,194,14,0,118 26 119,0,93,,195,13,0,118 26 119,0
53001,'62061874353c664e5006',715,,204,14,4,,0,607,,201,13,0,118 26 119,0,395,,202,13,0,118 26 119,0,95,,205,13,0,118 26 119,0,1,,203,13,0,118 26 119,0,99,,206,13,0,118 26 119,0
53001,'734c3e1b1c1138406a07',812,,208,13,0,118 26 119,0,1015,,207,13,0,118 26 119,0
55000,'02070559307629202a09',805,,435,1,0,35 36 37,0,200,,436,1,0,35 36 37,0,100,,437,1,0,35 36 37,0,200,,432,1,0,35 36 37,0,200,,433,1,0,35 36 37,0,140,,434,1,0,35 36 37,0
55000,'0a2f1e22095132130163',1610,,438,1,0,35 38,0,100,,440,1,0,78 19,0,100,,441,1,0,35 38,0
55000,'2a08755845643968295b',905,,448,1,0,35 36 37,0,200,,450,1,0,35 36 37,0,200,,443,1,0,35 36 37,0,200,,444,1,0,35 36 37,0,225,,445,1,0,35 36 37,0
55000,'2a5b3362091f52630354',905,,460,1,0,35 121 122,0,200,,451,1,0,35 121 122,0,130,,453,1,0,35 38,0,70,,452,1,0,35 121 122,0,200,,454,1,0,35 121 122,0
55000,'5a5962265f3f1c435f26',900,,463,1,0,35 36 37,0,400,,462,1,0,35 36 37,0
55000,'725616403949496a5c67',1310,,468,1,0,78 19,0,420,,470,1,0,35 81,0
55001,'02070559307629202a09',930,,475,29,4,,0,200,,476,29,4,,0,300,,471,29,4,,0,205,,472,29,4,,0,200,,473,29,4,,0,100,,474,29,4,,0
55001,'2a08755845643968295b',845,,490,24,4,,0,5,,492,8,4,,0,200,,495,8,4,,0,200,,496,8,4,,0,200,,485,8,4,,0,200,,487,8,4,,0,100,,488,8,4,,0,100,,491,8,4,,0
55001,'2a5b3362091f52630354',745,,501,12,4,,0,100,,508,27,4,,0,5,,510,14,4,,0,200,,512,14,4,,0,200,,497,14,4,,0,200,,498,14,4,,0,200,,500,14,4,,0,100,,502,14,4,,0,100,,506,14,4,,0
55001,'5a5962265f3f1c435f26',1215,,518,29,4,,0,625,,517,29,4,,0
