54000,'220e7e723c71704c1463',946,,278,10,0,25 26 27 28 29 30,0,95,,279,7,0,25 26 27 28 29 30,0,87,,280,4,0,25 26 27 28 29 30,0,13,,281,7,0,25 26 27 28 29 30,0,87,,282,4,0,25 26 27 28 29 30,0,18,,264,10,0,25 26 27 28 29 30,0,82,,265,4,0,25 26 27 28 29 30,0,73,,266,7,0,25 26 27 28 29 30,0,27,,267,4,0,25 26 27 28 29 30,0,13,,268,10,0,25 26 27 28 29 30,0,87,,269,4,0,25 26 27 28 29 30,0,13,,270,7,0,25 26 27 28 29 30,0,87,,271,4,0,25 26 27 28 29 30,0,13,,272,7,0,25 26 27 28 29 30,0,87,,273,4,0,25 26 27 28 29 30,0,13,,274,7,0,25 26 27 28 29 30,0,70,,275,7,0,25 26 27 28 29 30,0,17,,276,4,0,25 26 27 28 29 30,0
54000,'2a08755845643968295b',638,,283,7,0,25 26 27 28 29 30,0,100,,287,7,0,25 26 27 28 29 30,0,108,,288,7,0,25 26 27 28 29 30,0,1000,,284,10,0,25 26 27 28 29 30,0,100,,285,7,0,25 26 27 28 29 30,0,100,,286,7,0,25 26 27 28 29 30,0
54000,'2a21514a4e2b3103627a',1636,,735,7,0,25 26 27 28 29 30,0
54000,'2a5b3362091f52630354',616,,294,7,0,25 26 27 28 29 30,0,10,,299,7,0,25 26 27 28 29 30,0,15,,300,7,0,25 26 27 28 29 30,0,75,,301,7,0,25 26 27 28 29 30,0,25,,302,7,0,25 26 27 28 29 30,0,95,,303,7,0,25 26 27 28 29 30,0,100,,304,10,0,25 26 27 28 29 30,0,100,,305,7,0,25 26 27 28 29 30,0,92,,306,3,0,25 26 27 28 29 30,0,108,,289,7,0,25 26 27 28 29 30,0,110,,290,7,0,25 26 27 28 29 30,0,90,,291,10,0,25 26 27 28 29 30,0,92,,307,3,0,25 26 27 28 29 30,0,8,,292,7,0,25 26 27 28 29 30,0,87,,308,3,0,25 26 27 28 29 30,0,13,,293,7,0,25 26 27 28 29 30,0,100,,296,7,0,25 26 27 28 29 30,0,75,,297,7,0,25 26 27 28 29 30,0,17,,309,3,0,25 26 27 28 29 30,0,8,,298,10,0,25 26 27 28 29 30,0
54000,'3b110f002e63067b2820',1828,,738,3,0,25 26 27 28 29 30,0
54000,'4222041c237916795e5b',1636,,739,7,0,25 26 27 28 29 30,0
54000,'4b486d3f75551347753d',836,,740,7,0,25 26 27 28 29 30,0,200,,741,7,0,25 26 27 28 29 30,0
54000,'4f0277002864772e6462',626,,749,7,0,25 26 27 28 29 30,0,15,,750,7,0,25 26 27 28 29 30,0,75,,751,7,0,25 26 27 28 29 30,0,25,,752,7,0,25 26 27 28 29 30,0,195,,753,10,0,25 26 27 28 29 30,0,300,,742,7,0,25 26 27 28 29 30,0,110,,743,7,0,25 26 27 28 29 30,0,90,,744,10,0,25 26 27 28 29 30,0,100,,745,7,0,25 26 27 28 29 30,0,200,,746,7,0,25 26 27 28 29 30,0,75,,747,7,0,25 26 27 28 29 30,0,25,,748,10,0,25 26 27 28 29 30,0
54000,'5839460d757725570f41',1436,,756,7,0,25 26 27 28 29 30,0
54000,'6f166c68066d266f1856',1128,,757,3,0,25 26 27 28 29 30,0,400,,758,3,0,25 26 27 28 29 30,0,95,,759,3,0,25 26 27 28 29 30,0
54000,'7f443a14596255477616',616,,760,7,0,25 26 27 28 29 30,0
54101,'1a20552b5a400f716a1b',1027,,377,4,0,33 102 103,0,80,,378,4,0,33 102 103,0,315,,379,4,0,33 102 103,0,485,,376,4,0,33 102 103,0
54101,'220e7e723c71704c1463',942,,386,4,0,33 102 103,0,105,,387,4,0,33 102 103,0,155,,388,4,0,33 102 103,0,100,,389,4,0,33 102 103,0,100,,390,4,0,33 102 103,0,100,,380,4,0,33 102 103,0,100,,381,4,0,33 102 103,0,100,,382,4,0,33 102 103,0,200,,383,4,0,33 102 103,0,100,,384,4,0,33 102 103,0
