56100,'1f06603d1d7b4f2e4171',1650,,573,1,,,0
56100,'5e2b1a64573d314d5f51',1535,,574,1,,,0,185,,575,1,,,0
56100,'6706020c382341356e26',1120,,576,1,,,0
56100,'734c3e1b1c1138406a07',1220,,577,1,,,0
56101,'1f06603d1d7b4f2e4171',1100,,578,8,4,,0
56101,'5e2b1a64573d314d5f51',915,,579,8,4,,0,185,,580,8,4,,0
56101,'6706020c382341356e26',1235,,581,8,4,,0
56101,'734c3e1b1c1138406a07',1335,,582,8,4,,0
56900,'5e2b1a64573d314d5f51',800,,604,1,0,20 21,0,535,,605,1,0,20 21,0
56901,'5e2b1a64573d314d5f51',1445,,609,26,4,,0,455,,610,26,4,,0
