51100,'734c3e1b1c1138406a07',830,,65,6,0,95 96,0,200,,66,6,0,95 96,0,280,,68,6,0,95 96,0,190,,69,6,0,95 96,0
51101,'734c3e1b1c1138406a07',856,,72,8,0,104 105,0,200,,73,8,0,104 105,0,280,,74,8,0,104 105,0,190,,76,8,0,104 105,0
52000,'1c2e3625233d01453772',628,,696,16,0,25 26 27 28 29 30,0,73,,697,8,0,25 26 27 28 29 30,0,32,,698,17,0,25 26 27 28 29 30,0,1073,,692,8,0,25 26 27 28 29 30,0
52000,'4d7a6615443531084902',701,,90,8,0,25 26 27 28 29 30,0,1100,,94,8,0,25 26 27 28 29 30,0
52000,'7f443a14596255477616',656,,707,17,0,25 26 27 28 29 30,0
52001,'1c2e3625233d01453772',818,,718,11,0,20 21 22 23 24,0,486,,708,11,0,98 50,0,344,,712,11,0,98 50,0,263,,714,11,0,97 36,0,22,,715,14,0,20 21 22 23 24,0,78,,716,11,0,20 21 22 23 24,0
52001,'1f5759673f12020b0a50',1150,,727,11,0,97 36,0
52001,'31744f7e5638320a2d4c',1306,,728,3,0,98 50,0
52001,'4d7a6615443531084902',814,,97,11,0,20 21 22 23 24,0,1114,,102,11,0,20 21 22 23 24,0
52001,'59737b0d0f044b52693e',1815,,730,14,0,98 50,0
52001,'7f443a14596255477616',1657,,731,3,0,98 50,0,100,,733,3,0,98 50,0
52100,'2a5b3362091f52630354',656,,105,17,0,25 26 27 28 29 30,0
52100,'4d7a6615443531084902',630,,106,16,0,25 26 27 28 29 30,0,103,,107,17,0,25 26 27 28 29 30,0
52101,'02070559307629202a09',1149,,110,11,0,97 36,0
52101,'2a08755845643968295b',1814,,111,11,0,98 50,0
52101,'2a5b3362091f52630354',1657,,112,3,0,98 50,0,100,,113,3,0,98 50,0
52101,'4d7a6615443531084902',1259,,114,11,0,98 50,0,390,,115,11,0,98 50,0,265,,116,11,0,97 36,0,100,,117,11,0,98 50,0
52101,'725616403949496a5c67',1307,,118,3,0,98 50,0
