52000,'1c2e3625233d01453772',558,,696,7,0,25 26 27 28 29 30,0,145,,698,8,0,25 26 27 28 29 30,0,45,,699,7,0,20 21 22 23 24,0,200,,686,7,0,20 21 22 23 24,0,200,,688,7,0,20 21 22 23 24,0,290,,690,7,0,25 26 27 28 29 30,0,110,,691,7,0,20 21 22 23 24,0,255,,694,7,0,20 21 22 23 24,0,130,,695,7,0,25 26 27 28 29 30,0
52000,'1f5759673f12020b0a50',1048,,701,7,0,20 21 22 23 24,0,294,,702,8,0,25 26 27 28 29 30,0,306,,703,7,0,20 21 22 23 24,0,200,,704,7,0,20 21 22 23 24,0
52000,'4f0277002864772e6462',852,,705,8,0,20 21 22 23 24,0
52000,'7f443a14596255477616',623,,707,8,0,25 26 27 28 29 30,0
52100,'02070559307629202a09',1343,,104,8,0,25 26 27 28 29 30,0
52100,'2a5b3362091f52630354',623,,105,8,0,25 26 27 28 29 30,0
52100,'4d7a6615443531084902',559,,106,7,0,25 26 27 28 29 30,0,144,,107,8,0,25 26 27 28 29 30,0,736,,108,7,0,25 26 27 28 29 30,0,495,,109,7,0,25 26 27 28 29 30,0
52200,'02070559307629202a09',1050,,119,7,0,20 21 22 23 24,0,600,,120,7,0,20 21 22 23 24,0,200,,121,7,0,20 21 22 23 24,0
52200,'4d7a6615443531084902',750,,122,7,0,20 21 22 23 24,0,200,,123,7,0,20 21 22 23 24,0,200,,124,7,0,20 21 22 23 24,0,400,,125,7,0,20 21 22 23 24,0,255,,126,7,0,20 21 22 23 24,0
52200,'52166b36781a3037644c',854,,127,8,0,20 21 22 23 24,0
52400,'7d212b3f2568633b0919',907,,155,8,0,20 73 74,0
52500,'5e2b1a64573d314d5f51',828,,157,6,0,20 21 22 23 24,0,500,,158,6,0,20 21 22 23 24,0
52500,'734c3e1b1c1138406a07',1828,,159,6,0,20 21 22 23 24,0
56000,'02070559307629202a09',1055,,540,25,0,20 21 22 23 24,0,195,,541,31,0,20 21 22 23 24,0,200,,537,33,0,20 21 22 23 24,0,392,,538,33,0,25 26 27 28 29 30,0
56000,'0a3c663a7d504d200835',1710,,861,32,0,25 26 27 28 29 30,0
56000,'1a20552b5a400f716a1b',1057,,544,15,0,25 26 27 28 29 30,0,200,,545,15,0,25 26 27 28 29 30,0,400,,542,15,0,25 26 27 28 29 30,0,185,,543,15,0,25 26 27 28 29 30,0
56000,'1c2e3625233d01453772',1115,,865,25,0,20 21 22 23 24,0,235,,866,33,0,20 21 22 23 24,0,181,,862,28,0,20 21 22 23 24,0,322,,864,25,0,25 26 27 28 29 30,0
56000,'1f5759673f12020b0a50',1055,,870,25,0,20 21 22 23 24,0,195,,871,31,0,20 21 22 23 24,0,200,,867,33,0,20 21 22 23 24,0,392,,868,33,0,25 26 27 28 29 30,0
56000,'3823594e52252d7f6b14',1057,,874,15,0,25 26 27 28 29 30,0,200,,875,15,0,25 26 27 28 29 30,0,400,,872,15,0,25 26 27 28 29 30,0,185,,873,15,0,25 26 27 28 29 30,0
56000,'4d7a6615443531084902',1115,,549,25,0,20 21 22 23 24,0,235,,550,33,0,20 21 22 23 24,0,181,,546,28,0,20 21 22 23 24,0,322,,548,25,0,25 26 27 28 29 30,0
56000,'4f0277002864772e6462',751,,879,28,0,25 26 27 28 29 30,0,194,,880,31,0,25 26 27 28 29 30,0,765,,876,31,0,25 26 27 28 29 30,0,330,,878,25,0,20 21 22 23 24,0
56000,'52166b36781a3037644c',751,,554,28,0,25 26 27 28 29 30,0,194,,555,31,0,25 26 27 28 29 30,0,765,,551,31,0,25 26 27 28 29 30,0,330,,552,25,0,20 21 22 23 24,0
