55000,'02070559307629202a09',854,,435,16,0,35 36 37,0,200,,436,16,0,35 36 37,0,100,,437,16,0,35 36 37,0,200,,432,16,0,35 36 37,0,200,,433,16,0,35 36 37,0,180,,434,16,0,35 36 37,0
55000,'0a2f1e22095132130163',1658,,438,12,0,35 38,0,84,,440,7,0,78 19,0,116,,441,12,0,35 38,0
55000,'2a08755845643968295b',719,,446,11,0,35 36 37,0,200,,447,11,0,35 36 37,0,100,,449,11,0,35 36 37,0,300,,442,11,0,35 36 37,0,490,,445,12,0,35 36 37,0
55000,'2a5b3362091f52630354',730,,457,2,0,35 36 37,0,187,,459,11,0,35 38,0,100,,461,11,0,35 38,0,300,,453,16,0,35 38,0
55000,'5a5962265f3f1c435f26',949,,463,16,0,35 36 37,0,400,,462,16,0,35 36 37,0
55000,'62061874353c664e5006',810,,465,1,0,79 80,0
55000,'725616403949496a5c67',1342,,468,2,0,78 19,0,465,,470,12,0,35 81,0
55300,'2a5b3362091f52630354',635,,523,1,0,25 26 27 28 29 30,0
55301,'2a5b3362091f52630354',1709,,528,9,4,,0,115,,531,9,4,,0,100,,527,9,4,,0
55301,'725616403949496a5c67',1319,,536,9,4,,0
