500,50000,'5e2b1a64573d314d5f51',1,2,3,4,5,6,7
500,50001,'5e2b1a64573d314d5f51',8,9,10,11,12,13,14
503,50300,'5e2b1a64573d314d5f51',15,16
503,50300,'62061874353c664e5006',17,18
503,50300,'6706020c382341356e26',19,20,21
503,50300,'734c3e1b1c1138406a07',22,23,24,25,26,27,28
503,50301,'207e270d054b176b5d33',29
503,50301,'5e2b1a64573d314d5f51',30,31,32
503,50301,'62061874353c664e5006',33,34,35
503,50301,'6706020c382341356e26',36,37
503,50301,'734c3e1b1c1138406a07',38,39,40,41
505,50500,'5e2b1a64573d314d5f51',42,43
505,50501,'5e2b1a64573d314d5f51',44,45
506,50600,'1a3e365f147a09254f76',46,47,48,49
506,50601,'1a3e365f147a09254f76',50,51,52,53
510,51000,'2a5b3362091f52630354',54
510,51000,'4d7a6615443531084902',55,56,57,58
510,51001,'2a5b3362091f52630354',59,60
510,51001,'4d7a6615443531084902',61,62,63
511,51100,'734c3e1b1c1138406a07',64,65,66,67,68,69,70
511,51101,'734c3e1b1c1138406a07',71,72,73,74,75,76,77
512,51200,'62061874353c664e5006',78
512,51200,'734c3e1b1c1138406a07',79,80,81
512,51201,'57250a1f2855612e2d17',82
512,51201,'62061874353c664e5006',83
512,51201,'734c3e1b1c1138406a07',84,85,86,87
520,52000,'1c2e3625233d01453772',686,687,688,689,690,691,692,693,694,695,696,697,698,699,700
520,52000,'1f5759673f12020b0a50',701,702,703,704
520,52000,'2a5b3362091f52630354',88
520,52000,'4d7a6615443531084902',89,90,91,92,93,94
520,52000,'4f0277002864772e6462',705
520,52000,'7f443a14596255477616',706,707
520,52001,'1c2e3625233d01453772',708,709,710,711,712,713,714,715,716,717,718,719,720,721,722,723
520,52001,'1f5759673f12020b0a50',724,725,726,727
520,52001,'2a5b3362091f52630354',95,96
520,52001,'31744f7e5638320a2d4c',728,729
520,52001,'4d7a6615443531084902',97,98,99,100,101,102
520,52001,'59737b0d0f044b52693e',730
520,52001,'725616403949496a5c67',103
520,52001,'7f443a14596255477616',731,732,733,734
521,52100,'02070559307629202a09',104
521,52100,'2a5b3362091f52630354',105
521,52100,'4d7a6615443531084902',106,107,108,109
521,52101,'02070559307629202a09',110
521,52101,'2a08755845643968295b',111
521,52101,'2a5b3362091f52630354',112,113
521,52101,'4d7a6615443531084902',114,115,116,117
521,52101,'725616403949496a5c67',118
522,52200,'02070559307629202a09',119,120,121
522,52200,'4d7a6615443531084902',122,123,124,125,126
522,52200,'52166b36781a3037644c',127
522,52201,'02070559307629202a09',128,129,130
522,52201,'4d7a6615443531084902',131,132,133,134
522,52201,'52166b36781a3037644c',135
523,52300,'6706020c382341356e26',136,137,138
523,52300,'734c3e1b1c1138406a07',139,140,141,142,143,144,145
523,52301,'6706020c382341356e26',146,147
523,52301,'734c3e1b1c1138406a07',148,149,150,151,152,153,154
524,52400,'7d212b3f2568633b0919',155
524,52401,'7d212b3f2568633b0919',156
525,52500,'5e2b1a64573d314d5f51',157,158
525,52500,'734c3e1b1c1138406a07',159
525,52501,'5e2b1a64573d314d5f51',160,161
525,52501,'734c3e1b1c1138406a07',162
530,53000,'4d1c4f29782b127f5736',163,164,165
530,53000,'5d6776271a7e333e1319',166
530,53000,'5e2b1a64573d314d5f51',167,168,169,170,171,172,173,174,175,176,177,178
530,53000,'62061874353c664e5006',179,180
530,53000,'734c3e1b1c1138406a07',181,182
530,53001,'06207727403d2a283145',183
530,53001,'4d1c4f29782b127f5736',184
530,53001,'57250a1f2855612e2d17',185
530,53001,'5d6776271a7e333e1319',186,187
530,53001,'5e2b1a64573d314d5f51',188,189,190,191,192,193,194,195,196,197,198,199,200
530,53001,'62061874353c664e5006',201,202,203,204,205,206
530,53001,'734c3e1b1c1138406a07',207,208
531,53100,'3a78640c711a553f2f68',209,210,211,212,213,214
531,53100,'3b15730c603159684464',215,216,217,218
531,53101,'3a78640c711a553f2f68',219,220,221,222,223,224
531,53101,'3b15730c603159684464',225,226,227,228
532,53200,'5e2b1a64573d314d5f51',229,230,231,232
532,53201,'5e2b1a64573d314d5f51',233,234,235,236
536,53600,'3a78640c711a553f2f68',237,238,239,240,241,242,243,244
536,53600,'60191a56774210430b52',245,246,247,248
536,53601,'3a78640c711a553f2f68',249,250,251,252,253,254,255,256,257
536,53601,'60191a56774210430b52',258,259,260,261
540,54000,'0a2f1e22095132130163',262,263
540,54000,'220e7e723c71704c1463',264,265,266,267,268,269,270,271,272,273,274,275,276,277,278,279,280,281,282
540,54000,'2a08755845643968295b',283,284,285,286,287,288
540,54000,'2a21514a4e2b3103627a',735
540,54000,'2a5b3362091f52630354',289,290,291,292,293,294,295,296,297,298,299,300,301,302,303,304,305,306,307,308,309
540,54000,'31744f7e5638320a2d4c',736
540,54000,'3405324d4148757b0d18',737
540,54000,'3b110f002e63067b2820',738
540,54000,'4222041c237916795e5b',739
540,54000,'4b486d3f75551347753d',740,741
540,54000,'4f0277002864772e6462',742,743,744,745,746,747,748,749,750,751,752,753
540,54000,'553d275f1455102c362a',754
540,54000,'56061576073054406d39',755
540,54000,'5839460d757725570f41',756
540,54000,'6f166c68066d266f1856',757,758,759
540,54000,'725616403949496a5c67',310
540,54000,'7f443a14596255477616',760,761
540,54001,'0e5131610429337c0530',762
540,54001,'1c2e3625233d01453772',763
540,54001,'20650565243b6617121a',764,765
540,54001,'220e7e723c71704c1463',311,312,313,314,315,316,317,318,319,320,321,322,323,324,325,326,327,328,329
540,54001,'2a08755845643968295b',330,331,332,333,334
540,54001,'2a5b3362091f52630354',335,336,337,338,339,340,341,342,343,344,345,346,347,348,349,350,351,352,353,354,355,356,357,358,359
540,54001,'31744f7e5638320a2d4c',766
540,54001,'3b110f002e63067b2820',767
540,54001,'4b486d3f75551347753d',768,769
540,54001,'4f0277002864772e6462',770,771,772,773,774,775,776,777,778,779,780,781,782,783
540,54001,'6f166c68066d266f1856',784,785,786
540,54001,'725616403949496a5c67',360
540,54001,'7f443a14596255477616',787,788,789,790
541,54100,'1a20552b5a400f716a1b',361,362,363,364
541,54100,'220e7e723c71704c1463',365,366,367,368,369,370,371,372,373,374,375
541,54101,'1a20552b5a400f716a1b',376,377,378,379
541,54101,'220e7e723c71704c1463',380,381,382,383,384,385,386,387,388,389,390
542,54200,'5e2b1a64573d314d5f51',391,392,393,394,395,396
542,54200,'62061874353c664e5006',397,398,399
542,54200,'734c3e1b1c1138406a07',400
542,54201,'57250a1f2855612e2d17',401
542,54201,'5e2b1a64573d314d5f51',402,403,404,405,406,407,408
542,54201,'62061874353c664e5006',409,410
542,54201,'734c3e1b1c1138406a07',411
543,54300,'220e7e723c71704c1463',412,413,414,415,416
543,54300,'2a5b3362091f52630354',417,418,419,420,421
543,54300,'4f0277002864772e6462',791,792,793,794,795
543,54301,'220e7e723c71704c1463',422,423,424,425,426
543,54301,'2a5b3362091f52630354',427,428,429,430,431
543,54301,'4f0277002864772e6462',796,797,798,799,800
550,55000,'02070559307629202a09',432,433,434,435,436,437
550,55000,'0a067c057b2b05087239',801
550,55000,'0a2f1e22095132130163',438,439,440,441
550,55000,'14187635613e43612170',802,803,804
550,55000,'1a223768176411647430',805
550,55000,'20650565243b6617121a',806,807
550,55000,'2a08755845643968295b',442,443,444,445,446,447,448,449,450
550,55000,'2a5b3362091f52630354',451,452,453,454,455,456,457,458,459,460,461
550,55000,'31744f7e5638320a2d4c',808,809
550,55000,'4f0277002864772e6462',810,811,812,813
550,55000,'553d275f1455102c362a',814,815,816,817
550,55000,'56061576073054406d39',818
550,55000,'5a5962265f3f1c435f26',462,463
550,55000,'62061874353c664e5006',464,465,466,467
550,55000,'725616403949496a5c67',468,469,470
550,55000,'7f443a14596255477616',819,820,821,822
550,55001,'02070559307629202a09',471,472,473,474,475,476
550,55001,'0a2f1e22095132130163',477,478,479
550,55001,'14187635613e43612170',823,824,825,826
550,55001,'20650565243b6617121a',827,828,829
550,55001,'26316a4c147077516358',480,481,482,483
550,55001,'2a08755845643968295b',484,485,486,487,488,489,490,491,492,493,494,495,496
550,55001,'2a5b3362091f52630354',497,498,499,500,501,502,503,504,505,506,507,508,509,510,511,512
550,55001,'31744f7e5638320a2d4c',830,831
550,55001,'3405324d4148757b0d18',832
550,55001,'4b486d3f75551347753d',833
550,55001,'4f0277002864772e6462',834,835,836,837,838,839,840
550,55001,'553d275f1455102c362a',841,842
550,55001,'56061576073054406d39',843
550,55001,'57250a1f2855612e2d17',513,514,515,516
550,55001,'5a5962265f3f1c435f26',517,518
550,55001,'725616403949496a5c67',519,520
550,55001,'7f443a14596255477616',844,845,846,847
553,55300,'1c2e3625233d01453772',848
553,55300,'2a08755845643968295b',521
553,55300,'2a5b3362091f52630354',522,523,524,525
553,55300,'4d7a6615443531084902',526
553,55300,'59737b0d0f044b52693e',849
553,55300,'7f443a14596255477616',850,851,852
553,55301,'1c2e3625233d01453772',853,854
553,55301,'2a5b3362091f52630354',527,528,529,530,531,532
553,55301,'31744f7e5638320a2d4c',855,856
553,55301,'4d7a6615443531084902',533,534
553,55301,'725616403949496a5c67',535,536
553,55301,'7f443a14596255477616',857,858,859,860
560,56000,'02070559307629202a09',537,538,539,540,541
560,56000,'0a3c663a7d504d200835',861
560,56000,'1a20552b5a400f716a1b',542,543,544,545
560,56000,'1c2e3625233d01453772',862,863,864,865,866
560,56000,'1f5759673f12020b0a50',867,868,869,870,871
560,56000,'3823594e52252d7f6b14',872,873,874,875
560,56000,'4d7a6615443531084902',546,547,548,549,550
560,56000,'4f0277002864772e6462',876,877,878,879,880
560,56000,'52166b36781a3037644c',551,552,553,554,555
560,56001,'1f06603d1d7b4f2e4171',556,557,558,559
560,56001,'5e2b1a64573d314d5f51',560,561,562,563,564,565
560,56001,'6706020c382341356e26',566,567,568,569
560,56001,'734c3e1b1c1138406a07',570,571,572
561,56100,'1f06603d1d7b4f2e4171',573
561,56100,'5e2b1a64573d314d5f51',574,575
561,56100,'6706020c382341356e26',576
561,56100,'734c3e1b1c1138406a07',577
561,56101,'1f06603d1d7b4f2e4171',578
561,56101,'5e2b1a64573d314d5f51',579,580
561,56101,'6706020c382341356e26',581
561,56101,'734c3e1b1c1138406a07',582
564,56400,'183c4e6962076a683377',881
564,56400,'1a20552b5a400f716a1b',583
564,56400,'220e7e723c71704c1463',584
564,56400,'39206428010a3522612d',882
564,56400,'4210105e07251f32714c',883
564,56400,'5e3b7e4e66044d16561a',585
564,56401,'183c4e6962076a683377',884,885
564,56401,'220e7e723c71704c1463',586
564,56401,'39206428010a3522612d',886
564,56401,'5e3b7e4e66044d16561a',587,588
566,56600,'1f06603d1d7b4f2e4171',589,590
566,56600,'5e2b1a64573d314d5f51',591,592,593
566,56600,'6706020c382341356e26',594
566,56600,'734c3e1b1c1138406a07',595
566,56601,'1f06603d1d7b4f2e4171',596,597
566,56601,'5e2b1a64573d314d5f51',598,599
566,56601,'6706020c382341356e26',600
566,56601,'734c3e1b1c1138406a07',601
569,56900,'1f06603d1d7b4f2e4171',602,603
569,56900,'5e2b1a64573d314d5f51',604,605
569,56901,'1f06603d1d7b4f2e4171',606,607,608
569,56901,'5e2b1a64573d314d5f51',609,610
570,57000,'2a5b3362091f52630354',611
570,57000,'4f0277002864772e6462',887,888,889,890,891,892,893,894,895,896
570,57000,'52166b36781a3037644c',612,613,614,615,616,617,618,619,620,621
570,57000,'7f443a14596255477616',897
570,57001,'2a5b3362091f52630354',622,623,624
570,57001,'31744f7e5638320a2d4c',898
570,57001,'4f0277002864772e6462',899,900,901,902,903,904,905,906
570,57001,'52166b36781a3037644c',625,626,627,628,629,630,631,632
570,57001,'725616403949496a5c67',633
570,57001,'7f443a14596255477616',907,908,909
571,57100,'2a5b3362091f52630354',634
571,57100,'4f0277002864772e6462',910,911,912,913,914,915
571,57100,'52166b36781a3037644c',635,636,637,638,639,640
571,57100,'7f443a14596255477616',916
571,57101,'2a5b3362091f52630354',641
571,57101,'4f0277002864772e6462',917,918,919,920,921,922
571,57101,'52166b36781a3037644c',642,643,644,645,646,647
571,57101,'7f443a14596255477616',923
572,57200,'184134507f4517151633',924
572,57200,'5e2b1a64573d314d5f51',648
572,57200,'62061874353c664e5006',649,650
572,57200,'734c3e1b1c1138406a07',651
572,57201,'62061874353c664e5006',652
572,57201,'6706020c382341356e26',653
572,57201,'734c3e1b1c1138406a07',654,655,656,657
573,57300,'5e2b1a64573d314d5f51',658,659,660
573,57300,'62061874353c664e5006',661,662,663
573,57301,'0a4f11267262224e1160',664
573,57301,'57250a1f2855612e2d17',665
573,57301,'5e2b1a64573d314d5f51',666,667,668
573,57301,'62061874353c664e5006',669,670
573,57301,'68215d673a035f6f0223',671
574,57400,'184134507f4517151633',925
574,57400,'5e2b1a64573d314d5f51',672,673,674
574,57400,'62061874353c664e5006',675,676,677
574,57401,'2910694d611e54493e1f',678
574,57401,'57250a1f2855612e2d17',679
574,57401,'5e2b1a64573d314d5f51',680,681,682
574,57401,'62061874353c664e5006',683,684,685
