52001,'1c2e3625233d01453772',820,,713,7,0,97 36,0,100,,719,7,0,98 50,0,100,,721,7,0,98 50,0,200,,723,7,0,97 36,0,128,,708,24,0,98 50,0,272,,711,7,0,97 36,0,112,,712,24,0,98 50,0,223,,714,24,0,97 36,0,150,,717,7,0,98 50,0
52001,'1f5759673f12020b0a50',1120,,726,7,0,98 50,0,121,,727,24,0,97 36,0,479,,724,7,0,98 50,0,200,,725,7,0,97 36,0
52001,'31744f7e5638320a2d4c',1355,,728,16,0,98 50,0
52001,'59737b0d0f044b52693e',1859,,730,27,0,98 50,0
52001,'7f443a14596255477616',1748,,731,16,0,98 50,0,100,,733,16,0,98 50,0
52101,'02070559307629202a09',1240,,110,24,0,97 36,0
52101,'2a08755845643968295b',1905,,111,24,0,98 50,0
52101,'2a5b3362091f52630354',1748,,112,16,0,98 50,0,100,,113,16,0,98 50,0
52101,'4d7a6615443531084902',1350,,114,24,0,98 50,0,390,,115,24,0,98 50,0,265,,116,24,0,97 36,0,100,,117,24,0,98 50,0
52101,'725616403949496a5c67',1358,,118,16,0,98 50,0
52201,'02070559307629202a09',1117,,128,7,0,98 50,0,600,,129,7,0,98 50,0,200,,130,7,0,97 36,0
52201,'4d7a6615443531084902',817,,131,7,0,97 36,0,200,,132,7,0,98 50,0,200,,133,7,0,97 36,0,400,,134,7,0,98 50,0
52201,'52166b36781a3037644c',917,,135,7,0,98 50,0
