52001,'1c2e3625233d01453772',808,,713,4,0,97 36,0,100,,719,4,0,98 50,0,100,,721,4,0,98 50,0,200,,723,4,0,97 36,0,128,,708,21,0,98 50,0,272,,711,4,0,97 36,0,112,,712,21,0,98 50,0,223,,714,21,0,97 36,0,110,,717,4,0,98 50,0
52001,'1f5759673f12020b0a50',1108,,726,4,0,98 50,0,121,,727,21,0,97 36,0,479,,724,4,0,98 50,0,200,,725,4,0,97 36,0
52001,'31744f7e5638320a2d4c',1343,,728,13,0,98 50,0
52001,'59737b0d0f044b52693e',1847,,730,24,0,98 50,0
52001,'7f443a14596255477616',1736,,731,13,0,98 50,0,100,,733,13,0,98 50,0
52101,'02070559307629202a09',1228,,110,21,0,97 36,0
52101,'2a08755845643968295b',1853,,111,21,0,98 50,0
52101,'2a5b3362091f52630354',1736,,112,13,0,98 50,0,100,,113,13,0,98 50,0
52101,'4d7a6615443531084902',1338,,114,21,0,98 50,0,390,,115,21,0,98 50,0,225,,116,21,0,97 36,0,100,,117,21,0,98 50,0
52101,'725616403949496a5c67',1346,,118,13,0,98 50,0
52201,'02070559307629202a09',1107,,128,4,0,98 50,0,600,,129,4,0,98 50,0,200,,130,4,0,97 36,0
52201,'4d7a6615443531084902',807,,131,4,0,97 36,0,200,,132,4,0,98 50,0,200,,133,4,0,97 36,0,400,,134,4,0,98 50,0
52201,'52166b36781a3037644c',907,,135,4,0,98 50,0
52401,'7d212b3f2568633b0919',1124,,156,6,0,65 62 66,0
56001,'1f06603d1d7b4f2e4171',925,,558,13,0,67 19 23 68,0,385,,559,13,0,67 19 23 68,0,200,,556,13,0,67 37,0,405,,557,13,0,67 37,0
56001,'5e2b1a64573d314d5f51',747,,564,13,0,5 6 7,0,183,,565,13,0,8 9,0,615,,560,4,0,8 9,0,167,,561,13,0,8 9,0,133,,562,13,0,8 9,0
56001,'6706020c382341356e26',839,,567,4,0,8 9,0,267,,568,4,0,8 9,0,205,,569,4,0,5 6 7,0
56001,'734c3e1b1c1138406a07',1211,,572,4,0,5 6 7,0,200,,570,4,0,8 9,0,238,,571,4,0,8 9,0
