54000,'0a2f1e22095132130163',1655,,263,1,,,0
54000,'220e7e723c71704c1463',940,,277,1,,,0,70,,278,15,,,0,95,,279,12,,,0,47,,280,9,,,0,53,,281,12,,,0,47,,282,9,,,0,58,,264,15,,,0,42,,265,9,,,0,73,,266,12,,,0,27,,267,9,,,0,53,,268,15,,,0,47,,269,9,,,0,53,,270,12,,,0,47,,271,9,,,0,53,,272,12,,,0,47,,273,9,,,0,53,,274,12,,,0,30,,275,12,,,0,17,,276,9,,,0
54000,'2a08755845643968295b',700,,283,12,,,0,100,,287,12,,,0,110,,288,12,,,0,1000,,284,15,,,0,100,,285,12,,,0,100,,286,12,,,0
54000,'2a5b3362091f52630354',648,,294,19,,,0,1059,,293,19,,,0,48,,295,1,,,0,52,,296,19,,,0
54000,'725616403949496a5c67',1301,,310,8,,,0
54001,'220e7e723c71704c1463',739,,323,9,0,28 29,0,214,,324,9,,,0,71,,325,9,0,30 31 32 33,0,29,,326,9,0,28 29,0,70,,327,9,0,30 31 32 33,0,30,,328,9,,,0,70,,329,9,0,30 31 32 33,0,25,,311,9,0,28 29,0,75,,312,9,0,30 31 32 33,0,25,,313,9,0,28 29,0,75,,314,9,0,30 31 32 33,0,25,,315,9,0,28 29,0,75,,316,9,0,30 31 32 33,0,30,,317,9,,,0,70,,318,9,0,30 31 32 33,0,30,,319,9,0,28 29,0,70,,320,9,0,30 31 32 33,0,25,,321,9,,,0,75,,322,9,0,30 31 32 33,0
54001,'2a08755845643968295b',659,,330,9,0,28 29,0,189,,334,9,0,28 29,0,1000,,331,9,0,28 29,0,60,,332,9,0,28 29,0,100,,333,9,0,28 29,0
54001,'2a5b3362091f52630354',805,,352,5,0,22 65 66,0,895,,341,5,0,28 29,0,105,,345,5,0,28 29,0
54001,'725616403949496a5c67',1310,,360,5,0,28 29,0
54100,'1a20552b5a400f716a1b',821,,363,7,,,0,435,,364,7,,,0,360,,361,7,,,0,200,,362,7,,,0
54100,'220e7e723c71704c1463',841,,369,7,,,0,100,,370,7,,,0,115,,371,7,,,0,100,,372,7,,,0,100,,373,7,,,0,100,,374,7,,,0,100,,375,7,,,0,100,,365,7,,,0,200,,366,7,,,0,100,,367,7,,,0,100,,368,7,,,0
54101,'1a20552b5a400f716a1b',1051,,377,9,,,0,80,,378,9,,,0,315,,379,9,,,0,485,,376,9,,,0
54101,'220e7e723c71704c1463',839,,385,3,,,0,165,,386,9,,,0,107,,387,9,,,0,115,,388,9,,,0,100,,389,9,,,0,100,,390,9,,,0,100,,380,9,,,0,100,,381,9,,,0,100,,382,9,,,0,200,,383,9,,,0,100,,384,9,,,0
54300,'220e7e723c71704c1463',745,,412,22,4,,0,400,,413,22,4,,0,300,,414,22,4,,0,200,,415,22,4,,0,265,,416,22,4,,0
54301,'220e7e723c71704c1463',810,,422,1,,,0,400,,423,1,,,0,100,,424,1,,,0,400,,425,1,,,0,100,,426,1,,,0
55000,'02070559307629202a09',932,,435,28,4,,0,200,,436,28,4,,0,100,,437,28,4,,0,200,,432,28,4,,0,200,,433,28,4,,0,177,,434,28,4,,0
55000,'2a08755845643968295b',757,,446,23,4,,0,188,,448,7,4,,0,12,,447,23,4,,0,100,,449,23,4,,0,88,,450,7,4,,0,200,,443,7,4,,0,12,,442,23,4,,0,188,,444,7,4,,0,302,,445,24,4,,0
55000,'2a5b3362091f52630354',805,,455,4,4,,0
55000,'5a5962265f3f1c435f26',1027,,463,28,4,,0,400,,462,28,4,,0
55001,'02070559307629202a09',805,,475,1,,,0,200,,476,1,,,0,300,,471,1,,,0,200,,472,1,,,0,200,,473,1,,,0,105,,474,1,,,0
55001,'0a2f1e22095132130163',1315,,477,5,0,78 79 65 80,0,340,,478,1,0,67 11,0
55001,'2a08755845643968295b',720,,490,1,,,0,90,,492,1,,,0,20,,493,1,0,78 79 65 80,0,180,,495,1,,,0,200,,496,1,,,0,105,,484,1,0,78 79 65 80,0,95,,485,1,,,0,130,,486,1,0,78 79 65 80,0,70,,487,1,,,0,100,,488,1,,,0,45,,489,1,0,78 79 65 80,0,55,,491,1,,,0
55001,'2a5b3362091f52630354',1540,,499,5,0,78 79 65 80,0,214,,505,5,0,78 79 65 80,0,1,,504,1,0,67 11,0
55001,'5a5962265f3f1c435f26',1035,,518,1,,,0,665,,517,1,,,0
55001,'725616403949496a5c67',1315,,519,1,0,67 11,0
