52000,'1c2e3625233d01453772',555,,696,6,0,25 26 27 28 29 30,0,145,,698,7,0,25 26 27 28 29 30,0,45,,699,6,0,20 21 22 23 24,0,200,,686,6,0,20 21 22 23 24,0,200,,688,6,0,20 21 22 23 24,0,290,,690,6,0,25 26 27 28 29 30,0,110,,691,6,0,20 21 22 23 24,0,255,,694,6,0,20 21 22 23 24,0,130,,695,6,0,25 26 27 28 29 30,0
52000,'1f5759673f12020b0a50',1045,,701,6,0,20 21 22 23 24,0,294,,702,7,0,25 26 27 28 29 30,0,306,,703,6,0,20 21 22 23 24,0,200,,704,6,0,20 21 22 23 24,0
52000,'4f0277002864772e6462',849,,705,7,0,20 21 22 23 24,0
52000,'7f443a14596255477616',620,,707,7,0,25 26 27 28 29 30,0
52100,'02070559307629202a09',1340,,104,7,0,25 26 27 28 29 30,0
52100,'2a5b3362091f52630354',620,,105,7,0,25 26 27 28 29 30,0
52100,'4d7a6615443531084902',556,,106,6,0,25 26 27 28 29 30,0,144,,107,7,0,25 26 27 28 29 30,0,736,,108,6,0,25 26 27 28 29 30,0,495,,109,6,0,25 26 27 28 29 30,0
52200,'02070559307629202a09',1046,,119,6,0,20 21 22 23 24,0,600,,120,6,0,20 21 22 23 24,0,200,,121,6,0,20 21 22 23 24,0
52200,'4d7a6615443531084902',746,,122,6,0,20 21 22 23 24,0,200,,123,6,0,20 21 22 23 24,0,200,,124,6,0,20 21 22 23 24,0,400,,125,6,0,20 21 22 23 24,0,255,,126,6,0,20 21 22 23 24,0
52200,'52166b36781a3037644c',850,,127,7,0,20 21 22 23 24,0
52400,'7d212b3f2568633b0919',904,,155,7,0,20 73 74,0
56000,'02070559307629202a09',1052,,540,24,0,20 21 22 23 24,0,195,,541,30,0,20 21 22 23 24,0,200,,537,32,0,20 21 22 23 24,0,392,,538,32,0,25 26 27 28 29 30,0
56000,'0a3c663a7d504d200835',1707,,861,31,0,25 26 27 28 29 30,0
56000,'1a20552b5a400f716a1b',1055,,544,14,0,25 26 27 28 29 30,0,200,,545,14,0,25 26 27 28 29 30,0,400,,542,14,0,25 26 27 28 29 30,0,185,,543,14,0,25 26 27 28 29 30,0
56000,'1c2e3625233d01453772',1112,,865,24,0,20 21 22 23 24,0,235,,866,32,0,20 21 22 23 24,0,181,,862,27,0,20 21 22 23 24,0,322,,864,24,0,25 26 27 28 29 30,0
56000,'1f5759673f12020b0a50',1052,,870,24,0,20 21 22 23 24,0,195,,871,30,0,20 21 22 23 24,0,200,,867,32,0,20 21 22 23 24,0,392,,868,32,0,25 26 27 28 29 30,0
56000,'3823594e52252d7f6b14',1055,,874,14,0,25 26 27 28 29 30,0,200,,875,14,0,25 26 27 28 29 30,0,400,,872,14,0,25 26 27 28 29 30,0,185,,873,14,0,25 26 27 28 29 30,0
56000,'4d7a6615443531084902',1112,,549,24,0,20 21 22 23 24,0,235,,550,32,0,20 21 22 23 24,0,181,,546,27,0,20 21 22 23 24,0,322,,548,24,0,25 26 27 28 29 30,0
56000,'4f0277002864772e6462',748,,879,27,0,25 26 27 28 29 30,0,194,,880,30,0,25 26 27 28 29 30,0,765,,876,30,0,25 26 27 28 29 30,0,330,,878,24,0,20 21 22 23 24,0
56000,'52166b36781a3037644c',748,,554,27,0,25 26 27 28 29 30,0,194,,555,30,0,25 26 27 28 29 30,0,765,,551,30,0,25 26 27 28 29 30,0,330,,552,24,0,20 21 22 23 24,0
