53000,'4d1c4f29782b127f5736',1010,,165,19,,,0,600,,163,19,,,0,200,,164,19,,,0
53000,'5d6776271a7e333e1319',1210,,166,19,,,0
53000,'5e2b1a64573d314d5f51',701,,176,20,,,0,110,,177,19,,,0,299,,167,19,,,0,200,,169,19,,,0,105,,170,19,,,0,295,,172,19,,,0,205,,174,19,,,0
53000,'734c3e1b1c1138406a07',640,,181,20,,,0,96,,182,20,,,0
53001,'06207727403d2a283145',1747,,183,9,,,0
53001,'4d1c4f29782b127f5736',1542,,184,9,,,0
53001,'5d6776271a7e333e1319',942,,186,9,,,0,200,,187,9,,,0
53001,'5e2b1a64573d314d5f51',842,,196,9,,,0,200,,198,9,,,0,205,,199,9,,,0,100,,188,9,,,0,295,,190,9,,,0,199,,193,9,,,0,161,,195,9,,,0
53001,'62061874353c664e5006',1307,,201,9,,,0,395,,202,9,,,0,98,,203,9,,,0,1,,205,9,,,0,100,,206,9,,,0
53001,'734c3e1b1c1138406a07',757,,208,9,,,0,1059,,207,9,,,0
