52001,'2a5b3362091f52630354',1724,,95,11,0,20 21 22 23 24,0,100,,96,11,0,20 21 22 23 24,0
52001,'4d7a6615443531084902',831,,97,16,0,20 21 22 23 24,0,75,,98,14,0,20 21 22 23 24,0,200,,99,14,0,20 21 22 23 24,0,237,,100,14,0,20 21 22 23 24,0,160,,101,14,0,20 21 22 23 24,0,440,,102,16,0,20 21 22 23 24,0
52001,'725616403949496a5c67',1334,,103,11,0,20 21 22 23 24,0
52101,'02070559307629202a09',1208,,110,16,0,97 36,0
52101,'2a08755845643968295b',1833,,111,16,0,98 50,0
52101,'2a5b3362091f52630354',1716,,112,8,0,98 50,0,100,,113,8,0,98 50,0
52101,'4d7a6615443531084902',1318,,114,16,0,98 50,0,390,,115,16,0,98 50,0,225,,116,16,0,97 36,0,100,,117,16,0,98 50,0
52101,'725616403949496a5c67',1326,,118,8,0,98 50,0
56001,'1f06603d1d7b4f2e4171',913,,558,8,0,67 19 23 68,0,345,,559,8,0,67 19 23 68,0,200,,556,8,0,67 37,0,445,,557,8,0,67 37,0
56001,'5e2b1a64573d314d5f51',735,,564,8,0,5 6 7,0,180,,565,8,0,8 9,0,785,,561,8,0,8 9,0,130,,562,8,0,8 9,0
