52000,'1c2e3625233d01453772',543,,696,3,0,25 26 27 28 29 30,0,104,,698,4,0,25 26 27 28 29 30,0,86,,699,3,0,20 21 22 23 24,0,200,,686,3,0,20 21 22 23 24,0,200,,688,3,0,20 21 22 23 24,0,290,,690,3,0,25 26 27 28 29 30,0,110,,691,3,0,20 21 22 23 24,0,215,,694,3,0,20 21 22 23 24,0,170,,695,3,0,25 26 27 28 29 30,0
52000,'1f5759673f12020b0a50',1033,,701,3,0,20 21 22 23 24,0,294,,702,4,0,25 26 27 28 29 30,0,306,,703,3,0,20 21 22 23 24,0,200,,704,3,0,20 21 22 23 24,0
52000,'4f0277002864772e6462',837,,705,4,0,20 21 22 23 24,0
52000,'7f443a14596255477616',607,,707,4,0,25 26 27 28 29 30,0
52100,'02070559307629202a09',1327,,104,4,0,25 26 27 28 29 30,0
52100,'2a5b3362091f52630354',607,,105,4,0,25 26 27 28 29 30,0
52100,'4d7a6615443531084902',543,,106,3,0,25 26 27 28 29 30,0,104,,107,4,0,25 26 27 28 29 30,0,776,,108,3,0,25 26 27 28 29 30,0,495,,109,3,0,25 26 27 28 29 30,0
52200,'02070559307629202a09',1034,,119,3,0,20 21 22 23 24,0,600,,120,3,0,20 21 22 23 24,0,200,,121,3,0,20 21 22 23 24,0
52200,'4d7a6615443531084902',734,,122,3,0,20 21 22 23 24,0,200,,123,3,0,20 21 22 23 24,0,200,,124,3,0,20 21 22 23 24,0,400,,125,3,0,20 21 22 23 24,0,215,,126,3,0,20 21 22 23 24,0
52200,'52166b36781a3037644c',838,,127,4,0,20 21 22 23 24,0
