54300,'220e7e723c71704c1463',735,,412,20,0,35 36 37,0,400,,413,20,0,35 36 37,0,300,,414,20,0,35 36 37,0,200,,415,20,0,35 36 37,0,265,,416,20,0,35 36 37,0
54300,'2a5b3362091f52630354',732,,417,20,0,35 38,0,400,,418,20,0,35 38,0,300,,419,20,0,35 38,0,200,,420,20,0,35 38,0,225,,421,20,0,35 38,0
54300,'4f0277002864772e6462',732,,791,20,0,35 45 116,0,400,,792,20,0,35 45 116,0,300,,793,20,0,35 45 116,0,200,,794,20,0,35 45 116,0,225,,795,20,0,35 45 116,0
54301,'220e7e723c71704c1463',820,,422,3,0,39 40,0,400,,423,3,0,39 40,0,100,,424,3,0,39 40,0,400,,425,3,0,39 40,0,100,,426,3,0,39 40,0
54301,'2a5b3362091f52630354',823,,427,6,0,39 40,0,400,,428,6,0,39 40,0,100,,429,6,0,39 40,0,400,,430,6,0,39 40,0,100,,431,6,0,39 40,0
54301,'4f0277002864772e6462',823,,796,3,0,39 40,0,400,,797,3,0,39 40,0,100,,798,3,0,39 40,0,400,,799,3,0,39 40,0,100,,800,3,0,39 40,0
57400,'184134507f4517151633',637,,925,2,0,25 26 27 28 29 30,0
57400,'5e2b1a64573d314d5f51',652,,672,2,0,25 26 27 28 29 30,0,650,,673,2,0,25 26 27 28 29 30,0,410,,674,2,0,25 26 27 28 29 30,0
57400,'62061874353c664e5006',647,,675,2,0,25 26 27 28 29 30,0,96,,677,2,0,25 26 27 28 29 30,0
57401,'2910694d611e54493e1f',1746,,678,13,4,,0
57401,'57250a1f2855612e2d17',1309,,679,11,4,,0
57401,'5e2b1a64573d314d5f51',901,,680,13,4,,0,350,,681,13,4,,0,595,,682,13,4,,0
57401,'62061874353c664e5006',1705,,683,14,4,,0,104,,684,11,4,,0,100,,685,11,4,,0
