54001,'1c2e3625233d01453772',740,,763,16,0,58 59,0
54001,'20650565243b6617121a',1120,,765,16,0,58 59,0,225,,764,12,0,58 59,0
54001,'220e7e723c71704c1463',802,,323,16,0,58 59,0,216,,324,16,0,47 48,0,30,,325,16,0,60 61 62 63,0,70,,326,16,0,58 59,0,30,,327,16,0,60 61 62 63,0,70,,328,16,0,47 48,0,30,,329,16,0,60 61 62 63,0,65,,311,16,0,58 59,0,35,,312,16,0,60 61 62 63,0,65,,313,16,0,58 59,0,35,,314,16,0,60 61 62 63,0,65,,315,16,0,58 59,0,35,,316,16,0,60 61 62 63,0,70,,317,16,0,47 48,0,30,,318,16,0,60 61 62 63,0,70,,319,16,0,58 59,0,30,,320,16,0,60 61 62 63,0,65,,321,16,0,47 48,0,35,,322,16,0,60 61 62 63,0
54001,'2a08755845643968295b',722,,330,16,0,58 59,0,191,,334,16,0,58 59,0,1000,,331,16,0,58 59,0,20,,332,16,0,58 59,0,100,,333,16,0,58 59,0
54001,'2a5b3362091f52630354',740,,343,22,0,58 59,0,90,,350,22,0,58 59,0,90,,353,22,0,58 59,0,100,,354,22,0,58 59,0,5,,356,16,4,,0,100,,357,16,4,,0,95,,355,22,0,47 48,0,103,,335,18,0,58 59,0,2,,358,16,4,,0,25,,336,22,0,58 59,0,75,,337,22,0,58 59,0,95,,338,22,0,58 59,0,5,,359,16,4,,0,95,,339,22,0,47 48,0,103,,340,18,0,58 59,0,12,,341,19,0,58 59,0,20,,342,22,0,58 59,0,68,,344,18,0,47 48,0,17,,345,19,0,58 59,0,15,,346,22,0,58 59,0,68,,347,18,0,58 59,0,17,,348,22,0,58 59,0,95,,349,22,0,58 59,0
54001,'31744f7e5638320a2d4c',1345,,766,13,0,58 59,0
54001,'3b110f002e63067b2820',1025,,767,16,4,,0
54001,'4b486d3f75551347753d',920,,769,16,0,58 59,0,803,,768,12,0,58 59,0
54001,'4f0277002864772e6462',830,,781,16,0,58 59,0,190,,782,16,0,58 59,0,200,,783,16,0,47 48,0,103,,770,12,0,58 59,0,27,,771,16,0,58 59,0,75,,772,16,0,58 59,0,95,,773,16,0,58 59,0,100,,774,16,0,47 48,0,135,,775,16,0,58 59,0,68,,776,12,0,47 48,0,32,,777,16,0,58 59,0,68,,778,12,0,58 59,0,17,,779,16,0,58 59,0,95,,780,16,0,58 59,0
54001,'6f166c68066d266f1856',1125,,784,16,4,,0,200,,785,16,4,,0,200,,786,16,4,,0
54001,'725616403949496a5c67',1345,,360,19,0,58 59,0
54001,'7f443a14596255477616',1735,,787,13,0,58 59,0,105,,788,13,0,58 59,0
54100,'1a20552b5a400f716a1b',844,,363,14,0,60 61 62 63,0,477,,364,14,0,60 61 62 63,0,320,,361,14,0,60 61 62 63,0,200,,362,14,0,60 61 62 63,0
54100,'220e7e723c71704c1463',904,,369,14,0,60 61 62 63,0,100,,370,14,0,60 61 62 63,0,117,,371,14,0,60 61 62 63,0,100,,372,14,0,60 61 62 63,0,100,,373,14,0,60 61 62 63,0,100,,374,14,0,60 61 62 63,0,100,,375,14,0,60 61 62 63,0,100,,365,14,0,60 61 62 63,0,200,,366,14,0,60 61 62 63,0,100,,367,14,0,60 61 62 63,0,100,,368,14,0,60 61 62 63,0
