56600,'1f06603d1d7b4f2e4171',1455,,589,9,0,17 18 19,0
56600,'5e2b1a64573d314d5f51',1500,,593,1,0,17 18 19,0
56600,'6706020c382341356e26',1110,,594,1,0,17 18 19,0
56600,'734c3e1b1c1138406a07',1210,,595,1,0,17 18 19,0
56601,'1f06603d1d7b4f2e4171',1115,,596,12,0,177 94 95,0
56601,'5e2b1a64573d314d5f51',1802,,598,11,4,,0
56601,'6706020c382341356e26',1252,,600,11,4,,0
56601,'734c3e1b1c1138406a07',1352,,601,11,4,,0
56900,'5e2b1a64573d314d5f51',921,,604,19,0,20 21,0,535,,605,19,0,20 21,0
56901,'5e2b1a64573d314d5f51',1315,,609,8,0,178 26,0,415,,610,8,0,178 26,0
