54001,'0e5131610429337c0530',814,,762,3,0,35 36 37,0
54001,'1c2e3625233d01453772',644,,763,3,0,58 59,0
54001,'20650565243b6617121a',1024,,765,3,0,58 59,0,225,,764,3,0,58 59,0
54001,'220e7e723c71704c1463',719,,323,3,0,58 59,0,211,,324,3,0,47 48,0,70,,325,3,0,60 61 62 63,0,30,,326,3,0,58 59,0,70,,327,3,0,60 61 62 63,0,30,,328,3,0,47 48,0,70,,329,3,0,60 61 62 63,0,25,,311,3,0,58 59,0,75,,312,3,0,60 61 62 63,0,25,,313,3,0,58 59,0,75,,314,3,0,60 61 62 63,0,25,,315,3,0,58 59,0,75,,316,3,0,60 61 62 63,0,30,,317,3,0,47 48,0,70,,318,3,0,60 61 62 63,0,30,,319,3,0,58 59,0,70,,320,3,0,60 61 62 63,0,25,,321,3,0,47 48,0,75,,322,3,0,60 61 62 63,0
54001,'2a08755845643968295b',639,,330,3,0,58 59,0,186,,334,3,0,58 59,0,1000,,331,3,0,58 59,0,20,,332,3,0,58 59,0,100,,333,3,0,58 59,0
54001,'2a5b3362091f52630354',644,,343,3,0,58 59,0,90,,350,3,0,58 59,0,10,,352,3,0,35 45 116,0,80,,353,3,0,58 59,0,100,,354,3,0,58 59,0,5,,356,3,0,60 64,0,100,,357,3,0,60 64,0,95,,355,3,0,47 48,0,105,,358,3,0,60 64,0,25,,336,3,0,58 59,0,75,,337,3,0,58 59,0,95,,338,3,0,58 59,0,5,,359,3,0,60 64,0,95,,339,3,0,47 48,0,105,,340,3,0,58 59,0,10,,341,3,0,58 59,0,20,,342,3,0,58 59,0,70,,344,3,0,47 48,0,15,,345,3,0,58 59,0,15,,346,3,0,58 59,0,70,,347,3,0,58 59,0,15,,348,3,0,58 59,0,95,,349,3,0,58 59,0
54001,'31744f7e5638320a2d4c',1249,,766,3,0,58 59,0
54001,'3b110f002e63067b2820',929,,767,3,0,60 64,0
54001,'4b486d3f75551347753d',824,,769,3,0,58 59,0,805,,768,3,0,58 59,0
54001,'4f0277002864772e6462',734,,781,3,0,58 59,0,190,,782,3,0,58 59,0,200,,783,3,0,47 48,0,105,,770,3,0,58 59,0,25,,771,3,0,58 59,0,75,,772,3,0,58 59,0,95,,773,3,0,58 59,0,100,,774,3,0,47 48,0,135,,775,3,0,58 59,0,70,,776,3,0,47 48,0,30,,777,3,0,58 59,0,70,,778,3,0,58 59,0,15,,779,3,0,58 59,0,95,,780,3,0,58 59,0
54001,'6f166c68066d266f1856',1029,,784,3,0,60 64,0,200,,785,3,0,60 64,0,200,,786,3,0,60 64,0
54001,'725616403949496a5c67',1249,,360,3,0,58 59,0
54001,'7f443a14596255477616',744,,790,3,0,35 45 116,0,895,,787,3,0,58 59,0,105,,788,3,0,58 59,0
54201,'5e2b1a64573d314d5f51',820,,404,3,0,33 19 34,0,399,,405,3,0,33 19 34,0,195,,406,3,0,33 19 34,0,306,,407,3,0,33 19 34,0,35,,408,3,0,33 19 34,0,65,,402,3,0,33 19 34,0,34,,403,3,0,33 19 34,0
54201,'734c3e1b1c1138406a07',709,,411,3,0,33 19 34,0
55301,'1c2e3625233d01453772',1221,,853,3,0,140 19 145 146,0,600,,854,3,0,140 19 145 146,0
55301,'4d7a6615443531084902',1221,,533,3,0,117 17,0,600,,534,3,0,117 17,0
57401,'2910694d611e54493e1f',1720,,678,3,0,41 42 43,0
57401,'5e2b1a64573d314d5f51',835,,680,3,0,41 42 43,0,390,,681,3,0,41 42 43,0,595,,682,3,0,41 42 43,0
57401,'62061874353c664e5006',1632,,683,3,0,41 42 43,0
