51101,'734c3e1b1c1138406a07',900,,72,10,0,104 105,0,200,,73,10,0,104 105,0,240,,74,10,0,104 105,0,190,,76,10,0,104 105,0
52000,'1c2e3625233d01453772',531,,693,8,0,25 26 27 28 29 30,0,104,,696,18,0,25 26 27 28 29 30,0,70,,697,10,0,25 26 27 28 29 30,0,33,,698,19,0,25 26 27 28 29 30,0,174,,700,8,0,25 26 27 28 29 30,0,200,,687,8,0,25 26 27 28 29 30,0,200,,689,8,0,25 26 27 28 29 30,0,197,,690,16,0,25 26 27 28 29 30,0,304,,692,10,0,25 26 27 28 29 30,0,190,,695,16,0,25 26 27 28 29 30,0
52000,'1f5759673f12020b0a50',1413,,702,17,0,25 26 27 28 29 30,0
52000,'2a5b3362091f52630354',640,,88,4,0,25 26 27 28 29 30,0
52000,'4d7a6615443531084902',522,,89,8,0,25 26 27 28 29 30,0,183,,90,10,0,25 26 27 28 29 30,0,205,,91,8,0,25 26 27 28 29 30,0,203,,92,8,0,25 26 27 28 29 30,0,197,,93,8,0,25 26 27 28 29 30,0,495,,94,10,0,25 26 27 28 29 30,0
52000,'7f443a14596255477616',640,,706,4,0,25 26 27 28 29 30,0
52100,'02070559307629202a09',1413,,104,17,0,25 26 27 28 29 30,0
52100,'4d7a6615443531084902',635,,106,18,0,25 26 27 28 29 30,0,103,,107,19,0,25 26 27 28 29 30,0,773,,108,16,0,25 26 27 28 29 30,0,495,,109,16,0,25 26 27 28 29 30,0
56000,'02070559307629202a09',1906,,538,40,0,25 26 27 28 29 30,0
56000,'0a3c663a7d504d200835',1734,,861,39,0,25 26 27 28 29 30,0
56000,'1a20552b5a400f716a1b',1120,,544,22,0,25 26 27 28 29 30,0,200,,545,22,0,25 26 27 28 29 30,0,400,,542,22,0,25 26 27 28 29 30,0,185,,543,22,0,25 26 27 28 29 30,0
56000,'1c2e3625233d01453772',1918,,864,32,0,25 26 27 28 29 30,0
56000,'1f5759673f12020b0a50',1906,,868,40,0,25 26 27 28 29 30,0
56000,'3823594e52252d7f6b14',1120,,874,22,0,25 26 27 28 29 30,0,200,,875,22,0,25 26 27 28 29 30,0,400,,872,22,0,25 26 27 28 29 30,0,185,,873,22,0,25 26 27 28 29 30,0
56000,'4d7a6615443531084902',1918,,548,32,0,25 26 27 28 29 30,0
56000,'4f0277002864772e6462',815,,879,35,0,25 26 27 28 29 30,0,194,,880,38,0,25 26 27 28 29 30,0,725,,876,38,0,25 26 27 28 29 30,0
56000,'52166b36781a3037644c',815,,554,35,0,25 26 27 28 29 30,0,194,,555,38,0,25 26 27 28 29 30,0,725,,551,38,0,25 26 27 28 29 30,0
