53000,'4d1c4f29782b127f5736',1027,,165,25,0,25 26 27 28 29 30,0,601,,163,25,0,25 26 27 28 29 30,0,200,,164,25,0,25 26 27 28 29 30,0
53000,'5d6776271a7e333e1319',1228,,166,25,0,25 26 27 28 29 30,0
53000,'5e2b1a64573d314d5f51',718,,176,26,0,25 26 27 28 29 30,0,5,,175,11,0,25 26 27 28 29 30,0,105,,177,25,0,25 26 27 28 29 30,0,100,,178,26,0,25 26 27 28 29 30,0,199,,167,25,0,25 26 27 28 29 30,0,101,,168,26,0,25 26 27 28 29 30,0,100,,169,25,0,25 26 27 28 29 30,0,104,,170,25,0,25 26 27 28 29 30,0,96,,171,26,0,25 26 27 28 29 30,0,200,,172,25,0,25 26 27 28 29 30,0,184,,173,11,0,25 26 27 28 29 30,0,20,,174,25,0,25 26 27 28 29 30,0
53000,'62061874353c664e5006',702,,179,11,0,25 26 27 28 29 30,0,56,,180,11,0,25 26 27 28 29 30,0
53000,'734c3e1b1c1138406a07',657,,181,26,0,25 26 27 28 29 30,0,96,,182,26,0,25 26 27 28 29 30,0
57100,'2a5b3362091f52630354',733,,634,6,0,106 17,0
57100,'4f0277002864772e6462',707,,910,6,0,25 26 27 28 29 30,0,300,,911,6,0,106 17,0,100,,912,6,0,25 26 27 28 29 30,0,220,,913,6,0,25 26 27 28 29 30,0,280,,914,6,0,25 26 27 28 29 30,0,120,,915,6,0,25 26 27 28 29 30,0
57100,'52166b36781a3037644c',703,,635,6,0,25 26 27 28 29 30,0,255,,636,6,0,106 17,0,145,,637,6,0,25 26 27 28 29 30,0,220,,638,6,0,25 26 27 28 29 30,0,280,,639,6,0,25 26 27 28 29 30,0,122,,640,6,0,25 26 27 28 29 30,0
57100,'7f443a14596255477616',737,,916,6,0,106 17,0
57200,'184134507f4517151633',724,,924,5,0,25 26 27 28 29 30,0
57200,'5e2b1a64573d314d5f51',1329,,648,5,0,25 26 27 28 29 30,0
57200,'62061874353c664e5006',659,,649,5,0,25 26 27 28 29 30,0,100,,650,5,0,25 26 27 28 29 30,0
57200,'734c3e1b1c1138406a07',1729,,651,5,0,25 26 27 28 29 30,0
