55001,'02070559307629202a09',840,,475,14,0,68 71 167,0,200,,476,14,0,68 71 167,0,300,,471,14,0,68 71 167,0,205,,472,14,0,68 71 167,0,200,,473,14,0,68 71 167,0,100,,474,14,0,68 71 167,0
55001,'0a2f1e22095132130163',1345,,477,18,0,79 65 80 168 169,0,379,,479,8,0,23 82 171,0,16,,478,13,4,,0
55001,'26316a4c147077516358',1620,,480,3,4,,0,100,,482,3,4,,0
55001,'2a08755845643968295b',755,,490,14,0,68 71 167,0,145,,493,14,0,79 65 80 168 169,0,140,,494,14,0,79 65 80 168 169,0,305,,484,14,0,79 65 80 168 169,0,270,,486,14,0,79 65 80 168 169,0,215,,489,14,0,79 65 80 168 169,0
55001,'2a5b3362091f52630354',726,,501,11,0,68 71 167,0,29,,508,17,0,68 71 167,0,145,,509,17,0,79 65 80 168 169,0,140,,511,17,0,79 65 80 168 169,0,570,,499,18,0,79 65 80 168 169,0,214,,503,8,0,23 82 171,0,1,,505,18,0,79 65 80 168 169,0,15,,504,13,4,,0
55001,'57250a1f2855612e2d17',1250,,514,3,4,,0
55001,'5a5962265f3f1c435f26',1125,,518,14,0,68 71 167,0,625,,517,14,0,68 71 167,0
55001,'725616403949496a5c67',1344,,520,8,0,23 82 171,0,56,,519,13,4,,0
55300,'2a08755845643968295b',615,,521,1,0,61 74 75 76 77 103,0
55300,'2a5b3362091f52630354',637,,523,2,0,61 74 75 76 77 103,0,78,,525,1,0,61 74 75 76 77 103,0
55300,'4d7a6615443531084902',1345,,526,1,0,61 74 75 76 77 103,0
