52400,'7d212b3f2568633b0919',855,,155,6,0,20 73 74,0
56000,'02070559307629202a09',1043,,540,22,0,20 21 22 23 24,0,195,,541,28,0,20 21 22 23 24,0,200,,537,30,0,20 21 22 23 24,0,392,,538,30,0,25 26 27 28 29 30,0
56000,'0a3c663a7d504d200835',1658,,861,29,0,25 26 27 28 29 30,0
56000,'1a20552b5a400f716a1b',1045,,544,12,0,25 26 27 28 29 30,0,200,,545,12,0,25 26 27 28 29 30,0,400,,542,12,0,25 26 27 28 29 30,0,185,,543,12,0,25 26 27 28 29 30,0
56000,'1c2e3625233d01453772',1103,,865,22,0,20 21 22 23 24,0,235,,866,30,0,20 21 22 23 24,0,181,,862,25,0,20 21 22 23 24,0,322,,864,22,0,25 26 27 28 29 30,0
56000,'1f5759673f12020b0a50',1043,,870,22,0,20 21 22 23 24,0,195,,871,28,0,20 21 22 23 24,0,200,,867,30,0,20 21 22 23 24,0,392,,868,30,0,25 26 27 28 29 30,0
56000,'3823594e52252d7f6b14',1045,,874,12,0,25 26 27 28 29 30,0,200,,875,12,0,25 26 27 28 29 30,0,400,,872,12,0,25 26 27 28 29 30,0,185,,873,12,0,25 26 27 28 29 30,0
56000,'4d7a6615443531084902',1103,,549,22,0,20 21 22 23 24,0,235,,550,30,0,20 21 22 23 24,0,181,,546,25,0,20 21 22 23 24,0,322,,548,22,0,25 26 27 28 29 30,0
56000,'4f0277002864772e6462',739,,879,25,0,25 26 27 28 29 30,0,194,,880,28,0,25 26 27 28 29 30,0,725,,876,28,0,25 26 27 28 29 30,0,370,,878,22,0,20 21 22 23 24,0
56000,'52166b36781a3037644c',739,,554,25,0,25 26 27 28 29 30,0,194,,555,28,0,25 26 27 28 29 30,0,725,,551,28,0,25 26 27 28 29 30,0,370,,552,22,0,20 21 22 23 24,0
