51101,'734c3e1b1c1138406a07',841,,72,2,0,104 105,0,200,,73,2,0,104 105,0,280,,74,2,0,104 105,0,190,,76,2,0,104 105,0
52000,'1c2e3625233d01453772',522,,693,5,0,25 26 27 28 29 30,0,96,,696,13,0,25 26 27 28 29 30,0,35,,697,5,0,25 26 27 28 29 30,0,71,,698,14,0,25 26 27 28 29 30,0,178,,700,5,0,25 26 27 28 29 30,0,200,,687,5,0,25 26 27 28 29 30,0,198,,689,5,0,25 26 27 28 29 30,0,158,,690,13,0,25 26 27 28 29 30,0,298,,692,5,0,25 26 27 28 29 30,0,197,,695,13,0,25 26 27 28 29 30,0
52000,'1f5759673f12020b0a50',1402,,702,14,0,25 26 27 28 29 30,0
52000,'4d7a6615443531084902',510,,89,5,0,25 26 27 28 29 30,0,143,,90,5,0,25 26 27 28 29 30,0,205,,91,5,0,25 26 27 28 29 30,0,245,,92,5,0,25 26 27 28 29 30,0,155,,93,5,0,25 26 27 28 29 30,0,495,,94,5,0,25 26 27 28 29 30,0
52000,'7f443a14596255477616',644,,707,14,0,25 26 27 28 29 30,0
52001,'1c2e3625233d01453772',828,,718,15,0,20 21 22 23 24,0,83,,720,16,0,20 21 22 23 24,0,190,,722,13,0,20 21 22 23 24,0,213,,708,15,0,98 50,0,37,,709,16,0,20 21 22 23 24,0,105,,710,13,0,20 21 22 23 24,0,202,,712,15,0,98 50,0,263,,714,15,0,97 36,0,22,,715,18,0,20 21 22 23 24,0,78,,716,15,0,20 21 22 23 24,0
52001,'1f5759673f12020b0a50',1203,,727,15,0,97 36,0
52001,'31744f7e5638320a2d4c',1316,,728,7,0,98 50,0
52001,'4d7a6615443531084902',824,,97,15,0,20 21 22 23 24,0,35,,98,13,0,20 21 22 23 24,0,200,,99,13,0,20 21 22 23 24,0,277,,100,13,0,20 21 22 23 24,0,120,,101,13,0,20 21 22 23 24,0,480,,102,15,0,20 21 22 23 24,0
52001,'59737b0d0f044b52693e',1825,,730,18,0,98 50,0
52001,'7f443a14596255477616',1709,,731,7,0,98 50,0,100,,733,7,0,98 50,0
52100,'02070559307629202a09',1404,,104,14,0,25 26 27 28 29 30,0
52100,'2a5b3362091f52630354',644,,105,14,0,25 26 27 28 29 30,0
52100,'4d7a6615443531084902',620,,106,13,0,25 26 27 28 29 30,0,104,,107,14,0,25 26 27 28 29 30,0,776,,108,13,0,25 26 27 28 29 30,0,455,,109,13,0,25 26 27 28 29 30,0
52101,'02070559307629202a09',1201,,110,15,0,97 36,0
52101,'2a08755845643968295b',1826,,111,15,0,98 50,0
52101,'2a5b3362091f52630354',1709,,112,7,0,98 50,0,100,,113,7,0,98 50,0
52101,'4d7a6615443531084902',1311,,114,15,0,98 50,0,390,,115,15,0,98 50,0,225,,116,15,0,97 36,0,100,,117,15,0,98 50,0
52101,'725616403949496a5c67',1319,,118,7,0,98 50,0
