52400,'7d212b3f2568633b0919',840,,155,2,0,20 73 74,0
56000,'02070559307629202a09',1027,,540,18,0,20 21 22 23 24,0,195,,541,24,0,20 21 22 23 24,0,200,,537,26,0,20 21 22 23 24,0,390,,538,26,0,25 26 27 28 29 30,0
56000,'0a3c663a7d504d200835',1642,,861,25,0,25 26 27 28 29 30,0
56000,'1a20552b5a400f716a1b',1025,,544,8,0,25 26 27 28 29 30,0,200,,545,8,0,25 26 27 28 29 30,0,400,,542,8,0,25 26 27 28 29 30,0,185,,543,8,0,25 26 27 28 29 30,0
56000,'1c2e3625233d01453772',1047,,865,18,0,20 21 22 23 24,0,275,,866,26,0,20 21 22 23 24,0,181,,862,21,0,20 21 22 23 24,0,320,,864,18,0,25 26 27 28 29 30,0
56000,'1f5759673f12020b0a50',1027,,870,18,0,20 21 22 23 24,0,195,,871,24,0,20 21 22 23 24,0,200,,867,26,0,20 21 22 23 24,0,390,,868,26,0,25 26 27 28 29 30,0
56000,'3823594e52252d7f6b14',1025,,874,8,0,25 26 27 28 29 30,0,200,,875,8,0,25 26 27 28 29 30,0,400,,872,8,0,25 26 27 28 29 30,0,185,,873,8,0,25 26 27 28 29 30,0
56000,'4d7a6615443531084902',1047,,549,18,0,20 21 22 23 24,0,275,,550,26,0,20 21 22 23 24,0,181,,546,21,0,20 21 22 23 24,0,320,,548,18,0,25 26 27 28 29 30,0
56000,'4f0277002864772e6462',723,,879,21,0,25 26 27 28 29 30,0,194,,880,24,0,25 26 27 28 29 30,0,725,,876,24,0,25 26 27 28 29 30,0,370,,878,18,0,20 21 22 23 24,0
56000,'52166b36781a3037644c',723,,554,21,0,25 26 27 28 29 30,0,194,,555,24,0,25 26 27 28 29 30,0,725,,551,24,0,25 26 27 28 29 30,0,370,,552,18,0,20 21 22 23 24,0
