51001,'2a5b3362091f52630354',1657,,59,5,0,108 109,0,200,,60,5,0,108 109,0
51001,'4d7a6615443531084902',832,,61,5,0,108 109,0,475,,62,5,0,108 109,0,450,,63,5,0,108 109,0
52001,'1c2e3625233d01453772',755,,718,2,0,20 21 22 23 24,0,85,,720,5,0,20 21 22 23 24,0,190,,722,2,0,20 21 22 23 24,0,210,,708,2,0,98 50,0,80,,709,5,0,20 21 22 23 24,0,105,,710,2,0,20 21 22 23 24,0,200,,712,2,0,98 50,0,225,,714,2,0,97 36,0,59,,715,5,0,20 21 22 23 24,0,41,,716,2,0,20 21 22 23 24,0
52001,'1f5759673f12020b0a50',1125,,727,2,0,97 36,0
52001,'2a5b3362091f52630354',1655,,95,2,0,20 21 22 23 24,0,100,,96,2,0,20 21 22 23 24,0
52001,'31744f7e5638320a2d4c',1305,,729,2,0,20 21 22 23 24,0
52001,'4d7a6615443531084902',755,,97,2,0,20 21 22 23 24,0,75,,98,2,0,20 21 22 23 24,0,200,,99,2,0,20 21 22 23 24,0,280,,100,2,0,20 21 22 23 24,0,120,,101,2,0,20 21 22 23 24,0,480,,102,2,0,20 21 22 23 24,0
52001,'59737b0d0f044b52693e',1754,,730,5,0,98 50,0
52001,'725616403949496a5c67',1305,,103,2,0,20 21 22 23 24,0
52001,'7f443a14596255477616',1704,,732,5,0,20 21 22 23 24,0,101,,734,5,0,20 21 22 23 24,0
52101,'02070559307629202a09',1125,,110,2,0,97 36,0
52101,'2a08755845643968295b',1750,,111,2,0,98 50,0
52101,'4d7a6615443531084902',1235,,114,2,0,98 50,0,390,,115,2,0,98 50,0,225,,116,2,0,97 36,0,100,,117,2,0,98 50,0
