53000,'5e2b1a64573d314d5f51',705,,175,5,0,25 26 27 28 29 30,0,205,,178,20,0,25 26 27 28 29 30,0,300,,168,20,0,25 26 27 28 29 30,0,300,,171,20,0,25 26 27 28 29 30,0,344,,173,5,0,25 26 27 28 29 30,0
53000,'62061874353c664e5006',644,,179,5,0,25 26 27 28 29 30,0,96,,180,5,0,25 26 27 28 29 30,0
55000,'02070559307629202a09',820,,435,5,0,35 36 37,0,200,,436,5,0,35 36 37,0,100,,437,5,0,35 36 37,0,200,,432,5,0,35 36 37,0,200,,433,5,0,35 36 37,0,180,,434,5,0,35 36 37,0
55000,'0a2f1e22095132130163',1721,,440,5,0,78 19,0
55000,'14187635613e43612170',1247,,802,5,0,35 45 116,0
55000,'20650565243b6617121a',1016,,807,5,0,35 45 116,0,200,,806,5,0,35 45 116,0
55000,'2a08755845643968295b',916,,448,5,0,35 36 37,0,200,,450,5,0,35 36 37,0,200,,443,5,0,35 36 37,0,200,,444,5,0,35 36 37,0
55000,'2a5b3362091f52630354',916,,460,5,0,35 121 122,0,200,,451,5,0,35 121 122,0,131,,453,5,0,35 38,0,69,,452,5,0,35 121 122,0,200,,454,5,0,35 121 122,0
55000,'4f0277002864772e6462',916,,813,5,0,35 45 116,0,200,,810,5,0,35 45 116,0,200,,811,5,0,35 45 116,0,200,,812,5,0,35 45 116,0
55000,'553d275f1455102c362a',1721,,816,5,0,78 19,0
55000,'5a5962265f3f1c435f26',915,,463,5,0,35 36 37,0,400,,462,5,0,35 36 37,0
