52000,'1c2e3625233d01453772',600,,696,8,0,25 26 27 28 29 30,0,105,,698,9,0,25 26 27 28 29 30,0,45,,699,8,0,20 21 22 23 24,0,200,,686,8,0,20 21 22 23 24,0,200,,688,8,0,20 21 22 23 24,0,290,,690,8,0,25 26 27 28 29 30,0,110,,691,8,0,20 21 22 23 24,0,255,,694,8,0,20 21 22 23 24,0,130,,695,8,0,25 26 27 28 29 30,0
52000,'1f5759673f12020b0a50',1050,,701,8,0,20 21 22 23 24,0,294,,702,9,0,25 26 27 28 29 30,0,306,,703,8,0,20 21 22 23 24,0,200,,704,8,0,20 21 22 23 24,0
52000,'4f0277002864772e6462',854,,705,9,0,20 21 22 23 24,0
52000,'7f443a14596255477616',625,,707,9,0,25 26 27 28 29 30,0
52100,'02070559307629202a09',1345,,104,9,0,25 26 27 28 29 30,0
52100,'2a5b3362091f52630354',625,,105,9,0,25 26 27 28 29 30,0
52100,'4d7a6615443531084902',601,,106,8,0,25 26 27 28 29 30,0,104,,107,9,0,25 26 27 28 29 30,0,736,,108,8,0,25 26 27 28 29 30,0,495,,109,8,0,25 26 27 28 29 30,0
52200,'02070559307629202a09',1052,,119,8,0,20 21 22 23 24,0,600,,120,8,0,20 21 22 23 24,0,200,,121,8,0,20 21 22 23 24,0
52200,'4d7a6615443531084902',752,,122,8,0,20 21 22 23 24,0,200,,123,8,0,20 21 22 23 24,0,200,,124,8,0,20 21 22 23 24,0,400,,125,8,0,20 21 22 23 24,0,255,,126,8,0,20 21 22 23 24,0
52200,'52166b36781a3037644c',856,,127,9,0,20 21 22 23 24,0
52400,'7d212b3f2568633b0919',909,,155,9,0,20 73 74,0
56000,'02070559307629202a09',1057,,540,26,0,20 21 22 23 24,0,195,,541,32,0,20 21 22 23 24,0,200,,537,34,0,20 21 22 23 24,0,392,,538,34,0,25 26 27 28 29 30,0
56000,'0a3c663a7d504d200835',1712,,861,33,0,25 26 27 28 29 30,0
56000,'1a20552b5a400f716a1b',1059,,544,16,0,25 26 27 28 29 30,0,200,,545,16,0,25 26 27 28 29 30,0,400,,542,16,0,25 26 27 28 29 30,0,185,,543,16,0,25 26 27 28 29 30,0
56000,'1c2e3625233d01453772',1117,,865,26,0,20 21 22 23 24,0,235,,866,34,0,20 21 22 23 24,0,181,,862,29,0,20 21 22 23 24,0,322,,864,26,0,25 26 27 28 29 30,0
56000,'1f5759673f12020b0a50',1057,,870,26,0,20 21 22 23 24,0,195,,871,32,0,20 21 22 23 24,0,200,,867,34,0,20 21 22 23 24,0,392,,868,34,0,25 26 27 28 29 30,0
56000,'3823594e52252d7f6b14',1059,,874,16,0,25 26 27 28 29 30,0,200,,875,16,0,25 26 27 28 29 30,0,400,,872,16,0,25 26 27 28 29 30,0,185,,873,16,0,25 26 27 28 29 30,0
56000,'4d7a6615443531084902',1117,,549,26,0,20 21 22 23 24,0,235,,550,34,0,20 21 22 23 24,0,181,,546,29,0,20 21 22 23 24,0,322,,548,26,0,25 26 27 28 29 30,0
56000,'4f0277002864772e6462',753,,879,29,0,25 26 27 28 29 30,0,194,,880,32,0,25 26 27 28 29 30,0,765,,876,32,0,25 26 27 28 29 30,0,330,,878,26,0,20 21 22 23 24,0
56000,'52166b36781a3037644c',753,,554,29,0,25 26 27 28 29 30,0,194,,555,32,0,25 26 27 28 29 30,0,765,,551,32,0,25 26 27 28 29 30,0,330,,552,26,0,20 21 22 23 24,0
