53000,'4d1c4f29782b127f5736',1015,,165,20,0,61 74 75 76 77 103,0,600,,163,20,0,61 74 75 76 77 103,0,200,,164,20,0,61 74 75 76 77 103,0
53000,'5d6776271a7e333e1319',1215,,166,20,0,61 74 75 76 77 103,0
53000,'5e2b1a64573d314d5f51',706,,176,21,0,61 74 75 76 77 103,0,5,,175,6,0,61 74 75 76 77 103,0,105,,177,20,0,61 74 75 76 77 103,0,100,,178,21,0,61 74 75 76 77 103,0,199,,167,20,0,61 74 75 76 77 103,0,101,,168,21,0,61 74 75 76 77 103,0,99,,169,20,0,61 74 75 76 77 103,0,105,,170,20,0,61 74 75 76 77 103,0,96,,171,21,0,61 74 75 76 77 103,0,199,,172,20,0,61 74 75 76 77 103,0,185,,173,6,0,61 74 75 76 77 103,0,20,,174,20,0,61 74 75 76 77 103,0
53000,'62061874353c664e5006',650,,179,6,0,61 74 75 76 77 103,0,96,,180,6,0,61 74 75 76 77 103,0
53000,'734c3e1b1c1138406a07',645,,181,21,0,61 74 75 76 77 103,0,96,,182,21,0,61 74 75 76 77 103,0
53001,'06207727403d2a283145',1742,,183,8,0,61 164 165,0
53001,'4d1c4f29782b127f5736',1537,,184,8,0,61 164 165,0
53001,'57250a1f2855612e2d17',1307,,185,8,0,61 164 165,0
53001,'5d6776271a7e333e1319',937,,186,8,0,61 164 165,0,200,,187,8,0,61 164 165,0
53001,'5e2b1a64573d314d5f51',837,,196,8,0,61 164 165,0,100,,197,8,0,61 164 165,0,100,,198,8,0,61 164 165,0,205,,199,8,0,61 164 165,0,5,,200,8,0,61 164 165,0,95,,188,8,0,61 164 165,0,95,,189,8,0,61 164 165,0,200,,190,8,0,61 164 165,0,65,,191,8,0,61 164 165,0,100,,192,8,0,61 164 165,0,34,,193,8,0,61 164 165,0,66,,194,8,0,61 164 165,0,55,,195,8,0,61 164 165,0
53001,'62061874353c664e5006',656,,204,8,0,68 71 167,0,646,,201,8,0,61 164 165,0,355,,202,8,0,61 164 165,0,98,,203,8,0,61 164 165,0,1,,205,8,0,61 164 165,0,100,,206,8,0,61 164 165,0
53001,'734c3e1b1c1138406a07',752,,208,8,0,61 164 165,0,1059,,207,8,0,61 164 165,0
55000,'02070559307629202a09',825,,435,6,0,23 24 107,0,200,,436,6,0,23 24 107,0,100,,437,6,0,23 24 107,0,200,,432,6,0,23 24 107,0,200,,433,6,0,23 24 107,0,180,,434,6,0,23 24 107,0
55000,'0a2f1e22095132130163',1724,,440,6,0,26 137,0
55000,'2a08755845643968295b',650,,446,1,0,23 24 107,0,200,,447,1,0,23 24 107,0,69,,448,6,0,23 24 107,0,31,,449,1,0,23 24 107,0,169,,450,6,0,23 24 107,0,131,,442,1,0,23 24 107,0,69,,443,6,0,23 24 107,0,200,,444,6,0,23 24 107,0,221,,445,2,0,23 24 107,0
55000,'2a5b3362091f52630354',705,,458,1,0,23 24 107,0,145,,459,1,0,40 107,0,69,,460,6,0,68 69 107,0,31,,461,1,0,40 107,0,169,,451,6,0,68 69 107,0,131,,453,6,0,40 107,0,69,,452,6,0,68 69 107,0,200,,454,6,0,68 69 107,0
55000,'5a5962265f3f1c435f26',920,,463,6,0,23 24 107,0,400,,462,6,0,23 24 107,0
55000,'725616403949496a5c67',1740,,470,2,0,44 107,0
55001,'02070559307629202a09',910,,475,23,0,68 71 167,0,200,,476,23,0,68 71 167,0,300,,471,23,0,68 71 167,0,205,,472,23,0,68 71 167,0,200,,473,23,0,68 71 167,0,100,,474,23,0,68 71 167,0
55001,'0a2f1e22095132130163',1415,,477,27,4,,0
55001,'2a08755845643968295b',825,,490,23,0,68 71 167,0,7,,492,2,0,68 71 167,0,98,,493,23,4,,0,102,,495,2,0,68 71 167,0,78,,494,23,4,,0,122,,496,2,0,68 71 167,0,183,,484,23,4,,0,17,,485,2,0,68 71 167,0,200,,487,2,0,68 71 167,0,13,,486,23,4,,0,87,,488,2,0,68 71 167,0,100,,491,2,0,68 71 167,0,68,,489,23,4,,0
55001,'2a5b3362091f52630354',825,,508,26,0,68 71 167,0,7,,510,8,0,68 71 167,0,98,,509,26,4,,0,102,,512,8,0,68 71 167,0,78,,511,26,4,,0,122,,497,8,0,68 71 167,0,200,,498,8,0,68 71 167,0,200,,500,8,0,68 71 167,0,8,,499,27,4,,0,92,,502,8,0,68 71 167,0,100,,506,8,0,68 71 167,0,23,,505,27,4,,0
55001,'5a5962265f3f1c435f26',1155,,518,23,0,68 71 167,0,665,,517,23,0,68 71 167,0
