56000,'02070559307629202a09',952,,540,13,0,20 21 22 23 24,0,193,,541,19,0,20 21 22 23 24,0,200,,537,21,0,20 21 22 23 24,0,390,,538,21,0,25 26 27 28 29 30,0,7,,539,13,0,75 76 77,0
56000,'0a3c663a7d504d200835',1605,,861,20,0,25 26 27 28 29 30,0
56000,'1a20552b5a400f716a1b',950,,544,3,0,25 26 27 28 29 30,0,200,,545,3,0,25 26 27 28 29 30,0,400,,542,3,0,25 26 27 28 29 30,0,185,,543,3,0,25 26 27 28 29 30,0
56000,'1c2e3625233d01453772',1012,,865,13,0,20 21 22 23 24,0,233,,866,21,0,20 21 22 23 24,0,181,,862,16,0,20 21 22 23 24,0,299,,863,21,0,10 11 12,0,22,,864,13,0,25 26 27 28 29 30,0
56000,'1f5759673f12020b0a50',952,,870,13,0,20 21 22 23 24,0,193,,871,19,0,20 21 22 23 24,0,200,,867,21,0,20 21 22 23 24,0,390,,868,21,0,25 26 27 28 29 30,0,7,,869,13,0,75 76 77,0
56000,'3823594e52252d7f6b14',950,,874,3,0,25 26 27 28 29 30,0,200,,875,3,0,25 26 27 28 29 30,0,400,,872,3,0,25 26 27 28 29 30,0,185,,873,3,0,25 26 27 28 29 30,0
56000,'4d7a6615443531084902',1012,,549,13,0,20 21 22 23 24,0,233,,550,21,0,20 21 22 23 24,0,181,,546,16,0,20 21 22 23 24,0,299,,547,21,0,10 11 12,0,22,,548,13,0,25 26 27 28 29 30,0
56000,'4f0277002864772e6462',646,,879,16,0,25 26 27 28 29 30,0,194,,880,19,0,25 26 27 28 29 30,0,765,,876,19,0,25 26 27 28 29 30,0,332,,878,13,0,20 21 22 23 24,0
56000,'52166b36781a3037644c',646,,554,16,0,25 26 27 28 29 30,0,194,,555,19,0,25 26 27 28 29 30,0,765,,551,19,0,25 26 27 28 29 30,0,332,,552,13,0,20 21 22 23 24,0
56901,'1f06603d1d7b4f2e4171',1015,,606,13,0,10 11 12,0,730,,607,14,0,75 76 77,0,200,,608,14,0,10 11 12,0
56901,'5e2b1a64573d314d5f51',1357,,609,17,0,18 19,0,455,,610,17,0,18 19,0
