56000,'02070559307629202a09',1053,,541,6,0,13 14 15 16 102,0,200,,537,8,0,13 14 15 16 102,0,390,,538,8,0,61 74 75 76 77 103,0
56000,'4d7a6615443531084902',1153,,550,8,0,13 14 15 16 102,0,190,,546,6,0,13 14 15 16 102,0,290,,547,8,0,18 19 98,0
56000,'52166b36781a3037644c',603,,554,6,0,61 74 75 76 77 103,0,145,,555,6,0,61 74 75 76 77 103,0,765,,551,6,0,61 74 75 76 77 103,0
56001,'5e2b1a64573d314d5f51',939,,564,35,0,94 95 96,0,184,,565,35,0,6 97,0,612,,560,23,0,6 97,0,169,,561,35,0,6 97,0,134,,562,35,0,6 97,0
56001,'6706020c382341356e26',1022,,567,23,0,6 97,0,481,,569,26,0,94 95 96,0
56001,'734c3e1b1c1138406a07',1403,,572,26,0,94 95 96,0,151,,570,23,0,6 97,0
56600,'1f06603d1d7b4f2e4171',1447,,589,8,0,18 19 98,0,190,,590,6,0,18 19 98,0
56601,'1f06603d1d7b4f2e4171',1107,,596,11,0,94 95 96,0,340,,597,11,0,6 97,0
56900,'5e2b1a64573d314d5f51',912,,604,18,0,21 104,0,535,,605,18,0,21 104,0
56901,'5e2b1a64573d314d5f51',1306,,609,7,0,26 101,0,415,,610,7,0,26 101,0
