53000,'4d1c4f29782b127f5736',955,,165,15,0,73 61 74 75 76 77,0,600,,163,15,0,73 61 74 75 76 77,0,200,,164,15,0,73 61 74 75 76 77,0
53000,'5d6776271a7e333e1319',1155,,166,15,0,73 61 74 75 76 77,0
53000,'5e2b1a64573d314d5f51',646,,176,16,0,73 61 74 75 76 77,0,110,,177,15,0,73 61 74 75 76 77,0,94,,178,15,0,73 61 74 75 76 77,0,205,,167,15,0,73 61 74 75 76 77,0,95,,168,15,0,73 61 74 75 76 77,0,105,,169,15,0,73 61 74 75 76 77,0,145,,170,15,0,73 61 74 75 76 77,0,50,,171,15,0,73 61 74 75 76 77,0,205,,172,15,0,73 61 74 75 76 77,0,245,,174,15,0,73 61 74 75 76 77,0
53000,'734c3e1b1c1138406a07',625,,181,16,0,73 61 74 75 76 77,0,96,,182,16,0,73 61 74 75 76 77,0
53001,'06207727403d2a283145',1757,,183,12,0,198 61 164,0
53001,'4d1c4f29782b127f5736',1550,,184,12,0,198 61 164,0
53001,'5d6776271a7e333e1319',950,,186,12,0,198 61 164,0,200,,187,12,0,198 61 164,0
53001,'5e2b1a64573d314d5f51',850,,196,12,0,198 61 164,0,200,,198,12,0,198 61 164,0,205,,199,12,0,198 61 164,0,100,,188,12,0,198 61 164,0,295,,190,12,0,198 61 164,0,199,,193,12,0,198 61 164,0,161,,195,12,0,198 61 164,0
53001,'62061874353c664e5006',1315,,201,12,0,198 61 164,0,395,,202,12,0,198 61 164,0,99,,205,12,0,198 61 164,0,1,,203,12,0,198 61 164,0,99,,206,12,0,198 61 164,0
53001,'734c3e1b1c1138406a07',805,,208,12,0,198 61 164,0,1019,,207,12,0,198 61 164,0
