52001,'1c2e3625233d01453772',823,,713,9,0,97 36,0,100,,719,9,4,,0,100,,721,9,4,,0,200,,723,9,0,97 36,0,128,,708,26,4,,0,272,,711,9,0,97 36,0,112,,712,26,4,,0,223,,714,26,0,97 36,0,150,,717,9,4,,0
52001,'1f5759673f12020b0a50',1123,,726,9,4,,0,121,,727,26,0,97 36,0,479,,724,9,4,,0,200,,725,9,0,97 36,0
52001,'31744f7e5638320a2d4c',1358,,728,18,4,,0
52001,'59737b0d0f044b52693e',1902,,730,29,4,,0
52001,'7f443a14596255477616',1751,,731,18,4,,0,100,,733,18,4,,0
52101,'02070559307629202a09',1243,,110,26,0,97 36,0
52101,'2a08755845643968295b',1908,,111,26,4,,0
52101,'2a5b3362091f52630354',1751,,112,18,4,,0,100,,113,18,4,,0
52101,'4d7a6615443531084902',1353,,114,26,4,,0,390,,115,26,4,,0,265,,116,26,0,97 36,0,100,,117,26,4,,0
52101,'725616403949496a5c67',1401,,118,18,4,,0
52201,'02070559307629202a09',1120,,128,9,4,,0,600,,129,9,4,,0,200,,130,9,0,97 36,0
52201,'4d7a6615443531084902',820,,131,9,0,97 36,0,200,,132,9,4,,0,200,,133,9,0,97 36,0,400,,134,9,4,,0
52201,'52166b36781a3037644c',920,,135,9,4,,0
