55000,'02070559307629202a09',913,,435,25,0,35 36 37,0,200,,436,25,0,35 36 37,0,100,,437,25,0,35 36 37,0,200,,432,25,0,35 36 37,0,200,,433,25,0,35 36 37,0,140,,434,25,0,35 36 37,0
55000,'0a067c057b2b05087239',736,,801,20,0,35 45 116,0
55000,'0a2f1e22095132130163',1731,,438,22,0,35 38,0,74,,439,14,0,35 38,0,126,,441,22,0,35 38,0
55000,'14187635613e43612170',936,,803,20,0,35 45 116,0,100,,804,20,0,35 45 116,0,300,,802,25,0,35 45 116,0
55000,'1a223768176411647430',1826,,805,21,0,35 45 116,0
55000,'2a08755845643968295b',738,,446,20,0,35 36 37,0,200,,447,20,0,35 36 37,0,100,,449,20,0,35 36 37,0,300,,442,20,0,35 36 37,0,490,,445,21,0,35 36 37,0
55000,'2a5b3362091f52630354',745,,458,13,0,35 36 37,0,5,,457,7,0,35 36 37,0,186,,459,20,0,35 38,0,100,,461,20,0,35 38,0,300,,453,25,0,35 38,0
55000,'31744f7e5638320a2d4c',1405,,809,14,0,35 45 116,0
55000,'553d275f1455102c362a',1731,,814,22,0,35 45 116,0,74,,815,14,0,35 45 116,0,126,,817,22,0,35 45 116,0
55000,'56061576073054406d39',1826,,818,21,0,35 45 116,0
55000,'5a5962265f3f1c435f26',1008,,463,25,0,35 36 37,0,400,,462,25,0,35 36 37,0
55000,'725616403949496a5c67',1405,,469,14,0,35 38,0,421,,470,21,0,35 81,0
55000,'7f443a14596255477616',745,,822,13,0,35 36 37,0,5,,821,7,0,35 36 37,0
55300,'1c2e3625233d01453772',1411,,848,14,0,25 26 27 28 29 30,0
55300,'2a08755845643968295b',641,,521,13,0,25 26 27 28 29 30,0
55300,'2a5b3362091f52630354',649,,523,5,0,25 26 27 28 29 30,0,92,,525,13,0,25 26 27 28 29 30,0
55300,'4d7a6615443531084902',1411,,526,13,0,25 26 27 28 29 30,0
55300,'59737b0d0f044b52693e',641,,849,14,0,25 26 27 28 29 30,0
55300,'7f443a14596255477616',649,,850,13,0,25 26 27 28 29 30,0,92,,852,14,0,25 26 27 28 29 30,0
