54000,'220e7e723c71704c1463',915,,278,4,0,25 26 27 28 29 30,0,95,,279,1,0,25 26 27 28 29 30,0,100,,281,1,0,25 26 27 28 29 30,0,105,,264,4,0,25 26 27 28 29 30,0,115,,266,1,0,25 26 27 28 29 30,0,80,,268,4,0,25 26 27 28 29 30,0,100,,270,1,0,25 26 27 28 29 30,0,100,,272,1,0,25 26 27 28 29 30,0,100,,274,1,0,25 26 27 28 29 30,0,30,,275,1,0,25 26 27 28 29 30,0
54000,'2a08755845643968295b',615,,283,1,0,25 26 27 28 29 30,0,100,,287,1,0,25 26 27 28 29 30,0,100,,288,1,0,25 26 27 28 29 30,0,993,,284,4,0,25 26 27 28 29 30,0,107,,285,1,0,25 26 27 28 29 30,0,100,,286,1,0,25 26 27 28 29 30,0
54000,'2a21514a4e2b3103627a',1615,,735,1,0,25 26 27 28 29 30,0
54000,'2a5b3362091f52630354',555,,294,1,0,25 26 27 28 29 30,0,50,,299,1,0,25 26 27 28 29 30,0,15,,300,1,0,25 26 27 28 29 30,0,35,,301,1,0,25 26 27 28 29 30,0,65,,302,1,0,25 26 27 28 29 30,0,95,,303,1,0,25 26 27 28 29 30,0,102,,304,4,0,25 26 27 28 29 30,0,98,,305,1,0,25 26 27 28 29 30,0,200,,289,1,0,25 26 27 28 29 30,0,110,,290,1,0,25 26 27 28 29 30,0,92,,291,4,0,25 26 27 28 29 30,0,98,,292,1,0,25 26 27 28 29 30,0,100,,293,1,0,25 26 27 28 29 30,0,100,,296,1,0,25 26 27 28 29 30,0,35,,297,1,0,25 26 27 28 29 30,0,67,,298,4,0,25 26 27 28 29 30,0
54000,'4222041c237916795e5b',1615,,739,1,0,25 26 27 28 29 30,0
54000,'4b486d3f75551347753d',815,,740,1,0,25 26 27 28 29 30,0,200,,741,1,0,25 26 27 28 29 30,0
54000,'4f0277002864772e6462',605,,749,1,0,25 26 27 28 29 30,0,15,,750,1,0,25 26 27 28 29 30,0,35,,751,1,0,25 26 27 28 29 30,0,65,,752,1,0,25 26 27 28 29 30,0,197,,753,4,0,25 26 27 28 29 30,0,298,,742,1,0,25 26 27 28 29 30,0,110,,743,1,0,25 26 27 28 29 30,0,92,,744,4,0,25 26 27 28 29 30,0,98,,745,1,0,25 26 27 28 29 30,0,200,,746,1,0,25 26 27 28 29 30,0,35,,747,1,0,25 26 27 28 29 30,0,67,,748,4,0,25 26 27 28 29 30,0
54000,'5839460d757725570f41',1417,,756,1,0,25 26 27 28 29 30,0
54000,'7f443a14596255477616',555,,760,1,0,25 26 27 28 29 30,0
54001,'1c2e3625233d01453772',805,,763,20,4,,0
54001,'20650565243b6617121a',1145,,765,20,4,,0,265,,764,16,4,,0
54001,'220e7e723c71704c1463',824,,323,20,4,,0,316,,326,20,4,,0,195,,311,20,4,,0,100,,313,20,4,,0,100,,315,20,4,,0,205,,319,20,4,,0
54001,'2a08755845643968295b',744,,330,20,4,,0,191,,334,20,4,,0,1000,,331,20,4,,0,20,,332,20,4,,0,100,,333,20,4,,0
54001,'2a5b3362091f52630354',805,,343,26,4,,0,50,,350,26,4,,0,90,,353,26,4,,0,100,,354,26,4,,0,305,,335,22,4,,0,65,,336,26,4,,0,35,,337,26,4,,0,95,,338,26,4,,0,205,,340,22,4,,0,50,,341,23,4,,0,20,,342,26,4,,0,85,,345,23,4,,0,15,,346,26,4,,0,30,,347,22,4,,0,55,,348,26,4,,0,95,,349,26,4,,0
54001,'31744f7e5638320a2d4c',1410,,766,17,4,,0
54001,'4b486d3f75551347753d',945,,769,20,4,,0,805,,768,16,4,,0
54001,'4f0277002864772e6462',855,,781,20,4,,0,190,,782,20,4,,0,305,,770,16,4,,0,65,,771,20,4,,0,35,,772,20,4,,0,95,,773,20,4,,0,275,,775,20,4,,0,100,,777,20,4,,0,30,,778,16,4,,0,55,,779,20,4,,0,95,,780,20,4,,0
54001,'725616403949496a5c67',1410,,360,23,4,,0
54001,'7f443a14596255477616',1800,,787,17,4,,0,105,,788,17,4,,0
