52101,'02070559307629202a09',1233,,110,22,0,23 147,0
52101,'2a08755845643968295b',1858,,111,22,0,56 148,0
52101,'2a5b3362091f52630354',1741,,112,14,0,56 148,0,100,,113,14,0,56 148,0
52101,'4d7a6615443531084902',1343,,114,22,0,56 148,0,390,,115,22,0,56 148,0,225,,116,22,0,23 147,0,100,,117,22,0,56 148,0
52101,'725616403949496a5c67',1351,,118,14,0,56 148,0
52201,'02070559307629202a09',1111,,128,5,0,56 148,0,600,,129,5,0,56 148,0,200,,130,5,0,23 147,0
52201,'4d7a6615443531084902',811,,131,5,0,23 147,0,200,,132,5,0,56 148,0,200,,133,5,0,23 147,0,400,,134,5,0,56 148,0
52201,'52166b36781a3037644c',911,,135,5,0,56 148,0
56001,'1f06603d1d7b4f2e4171',927,,558,14,0,26 15 36 128,0,385,,559,14,0,26 15 36 128,0,200,,556,14,0,24 128,0,405,,557,14,0,24 128,0
56001,'5e2b1a64573d314d5f51',751,,564,14,0,94 95 96,0,183,,565,14,0,6 97,0,615,,560,5,0,6 97,0,167,,561,14,0,6 97,0,133,,562,14,0,6 97,0
56001,'6706020c382341356e26',843,,567,5,0,6 97,0,267,,568,5,0,6 97,0,205,,569,5,0,94 95 96,0
56001,'734c3e1b1c1138406a07',1215,,572,5,0,94 95 96,0,200,,570,5,0,6 97,0,238,,571,5,0,6 97,0
