54001,'1c2e3625233d01453772',738,,763,15,0,58 59,0
54001,'20650565243b6617121a',1118,,765,15,0,58 59,0,225,,764,11,0,58 59,0
54001,'220e7e723c71704c1463',800,,323,15,0,58 59,0,216,,324,15,0,47 48,0,30,,325,15,0,60 61 62 63,0,70,,326,15,0,58 59,0,30,,327,15,0,60 61 62 63,0,70,,328,15,0,47 48,0,30,,329,15,0,60 61 62 63,0,65,,311,15,0,58 59,0,35,,312,15,0,60 61 62 63,0,65,,313,15,0,58 59,0,35,,314,15,0,60 61 62 63,0,65,,315,15,0,58 59,0,35,,316,15,0,60 61 62 63,0,70,,317,15,0,47 48,0,30,,318,15,0,60 61 62 63,0,70,,319,15,0,58 59,0,30,,320,15,0,60 61 62 63,0,65,,321,15,0,47 48,0,35,,322,15,0,60 61 62 63,0
54001,'2a08755845643968295b',720,,330,15,0,58 59,0,191,,334,15,0,58 59,0,1000,,331,15,0,58 59,0,20,,332,15,0,58 59,0,100,,333,15,0,58 59,0
54001,'2a5b3362091f52630354',738,,343,21,0,58 59,0,90,,350,21,0,58 59,0,90,,353,21,0,58 59,0,100,,354,21,0,58 59,0,4,,356,15,0,60 64,0,100,,357,15,0,60 64,0,96,,355,21,0,47 48,0,103,,335,17,0,58 59,0,1,,358,15,0,60 64,0,26,,336,21,0,58 59,0,75,,337,21,0,58 59,0,95,,338,21,0,58 59,0,4,,359,15,0,60 64,0,96,,339,21,0,47 48,0,103,,340,17,0,58 59,0,12,,341,18,0,58 59,0,20,,342,21,0,58 59,0,68,,344,17,0,47 48,0,17,,345,18,0,58 59,0,15,,346,21,0,58 59,0,68,,347,17,0,58 59,0,17,,348,21,0,58 59,0,95,,349,21,0,58 59,0
54001,'31744f7e5638320a2d4c',1343,,766,12,0,58 59,0
54001,'3b110f002e63067b2820',1022,,767,15,0,60 64,0
54001,'4b486d3f75551347753d',918,,769,15,0,58 59,0,803,,768,11,0,58 59,0
54001,'4f0277002864772e6462',828,,781,15,0,58 59,0,190,,782,15,0,58 59,0,200,,783,15,0,47 48,0,103,,770,11,0,58 59,0,27,,771,15,0,58 59,0,75,,772,15,0,58 59,0,95,,773,15,0,58 59,0,100,,774,15,0,47 48,0,135,,775,15,0,58 59,0,68,,776,11,0,47 48,0,32,,777,15,0,58 59,0,68,,778,11,0,58 59,0,17,,779,15,0,58 59,0,95,,780,15,0,58 59,0
54001,'6f166c68066d266f1856',1122,,784,15,0,60 64,0,200,,785,15,0,60 64,0,200,,786,15,0,60 64,0
54001,'725616403949496a5c67',1343,,360,18,0,58 59,0
54001,'7f443a14596255477616',1733,,787,12,0,58 59,0,105,,788,12,0,58 59,0
54100,'1a20552b5a400f716a1b',842,,363,13,0,60 61 62 63,0,477,,364,13,0,60 61 62 63,0,320,,361,13,0,60 61 62 63,0,200,,362,13,0,60 61 62 63,0
54100,'220e7e723c71704c1463',902,,369,13,0,60 61 62 63,0,100,,370,13,0,60 61 62 63,0,117,,371,13,0,60 61 62 63,0,100,,372,13,0,60 61 62 63,0,100,,373,13,0,60 61 62 63,0,100,,374,13,0,60 61 62 63,0,100,,375,13,0,60 61 62 63,0,100,,365,13,0,60 61 62 63,0,200,,366,13,0,60 61 62 63,0,100,,367,13,0,60 61 62 63,0,100,,368,13,0,60 61 62 63,0
