54000,'0a2f1e22095132130163',1308,,262,9,0,25 26 27 28 29 30,0
54000,'220e7e723c71704c1463',951,,277,3,0,25 26 27 28 29 30,0,70,,278,17,0,25 26 27 28 29 30,0,95,,279,14,0,25 26 27 28 29 30,0,87,,280,11,0,25 26 27 28 29 30,0,13,,281,14,0,25 26 27 28 29 30,0,87,,282,11,0,25 26 27 28 29 30,0,18,,264,17,0,25 26 27 28 29 30,0,82,,265,11,0,25 26 27 28 29 30,0,33,,266,14,0,25 26 27 28 29 30,0,67,,267,11,0,25 26 27 28 29 30,0,13,,268,17,0,25 26 27 28 29 30,0,87,,269,11,0,25 26 27 28 29 30,0,13,,270,14,0,25 26 27 28 29 30,0,87,,271,11,0,25 26 27 28 29 30,0,13,,272,14,0,25 26 27 28 29 30,0,87,,273,11,0,25 26 27 28 29 30,0,13,,274,14,0,25 26 27 28 29 30,0,30,,275,14,0,25 26 27 28 29 30,0,57,,276,11,0,25 26 27 28 29 30,0
54000,'2a08755845643968295b',711,,283,14,0,25 26 27 28 29 30,0,100,,287,14,0,25 26 27 28 29 30,0,110,,288,14,0,25 26 27 28 29 30,0,1000,,284,17,0,25 26 27 28 29 30,0,100,,285,14,0,25 26 27 28 29 30,0,100,,286,14,0,25 26 27 28 29 30,0
54000,'2a21514a4e2b3103627a',1715,,735,15,0,25 26 27 28 29 30,0
54000,'2a5b3362091f52630354',915,,303,20,0,25 26 27 28 29 30,0,100,,304,23,0,25 26 27 28 29 30,0,100,,305,20,0,25 26 27 28 29 30,0,90,,306,10,0,25 26 27 28 29 30,0,110,,289,20,0,25 26 27 28 29 30,0,110,,290,20,0,25 26 27 28 29 30,0,90,,291,23,0,25 26 27 28 29 30,0,90,,307,10,0,25 26 27 28 29 30,0,10,,292,20,0,25 26 27 28 29 30,0,85,,308,10,0,25 26 27 28 29 30,0,15,,293,21,0,25 26 27 28 29 30,0,100,,296,21,0,25 26 27 28 29 30,0,35,,297,20,0,25 26 27 28 29 30,0,55,,309,10,0,25 26 27 28 29 30,0,10,,298,23,0,25 26 27 28 29 30,0
54000,'31744f7e5638320a2d4c',1308,,736,4,0,25 26 27 28 29 30,0
54000,'3405324d4148757b0d18',1308,,737,3,0,25 26 27 28 29 30,0
54000,'3b110f002e63067b2820',1905,,738,10,0,25 26 27 28 29 30,0
54000,'4222041c237916795e5b',1715,,739,14,0,25 26 27 28 29 30,0
54000,'4b486d3f75551347753d',915,,740,14,0,25 26 27 28 29 30,0,200,,741,14,0,25 26 27 28 29 30,0
54000,'4f0277002864772e6462',1015,,753,17,0,25 26 27 28 29 30,0,300,,742,14,0,25 26 27 28 29 30,0,110,,743,14,0,25 26 27 28 29 30,0,90,,744,17,0,25 26 27 28 29 30,0,100,,745,14,0,25 26 27 28 29 30,0,200,,746,15,0,25 26 27 28 29 30,0,35,,747,14,0,25 26 27 28 29 30,0,65,,748,17,0,25 26 27 28 29 30,0
54000,'56061576073054406d39',1308,,755,3,0,25 26 27 28 29 30,0
54000,'5839460d757725570f41',1515,,756,14,0,25 26 27 28 29 30,0
54000,'6f166c68066d266f1856',1205,,757,10,0,25 26 27 28 29 30,0,400,,758,10,0,25 26 27 28 29 30,0,95,,759,10,0,25 26 27 28 29 30,0
54000,'725616403949496a5c67',1308,,310,10,0,25 26 27 28 29 30,0
57400,'184134507f4517151633',642,,925,5,0,25 26 27 28 29 30,0
57400,'5e2b1a64573d314d5f51',711,,672,7,0,25 26 27 28 29 30,0,596,,673,5,0,25 26 27 28 29 30,0,410,,674,5,0,25 26 27 28 29 30,0
57400,'62061874353c664e5006',652,,676,5,0,25 26 27 28 29 30,0,98,,677,5,0,25 26 27 28 29 30,0
