52000,'1c2e3625233d01453772',510,,693,1,0,25 26 27 28 29 30,0,92,,696,9,0,25 26 27 28 29 30,0,33,,697,1,0,25 26 27 28 29 30,0,72,,698,10,0,25 26 27 28 29 30,0,45,,699,9,4,,0,93,,700,1,0,25 26 27 28 29 30,0,107,,686,9,4,,0,93,,687,1,0,25 26 27 28 29 30,0,107,,688,9,4,,0,93,,689,1,0,25 26 27 28 29 30,0,197,,690,9,0,25 26 27 28 29 30,0,110,,691,9,4,,0,188,,692,1,0,25 26 27 28 29 30,0,67,,694,9,4,,0,130,,695,9,0,25 26 27 28 29 30,0
52000,'1f5759673f12020b0a50',1052,,701,9,4,,0,294,,702,10,0,25 26 27 28 29 30,0,306,,703,9,4,,0,200,,704,9,4,,0
52000,'2a5b3362091f52630354',620,,88,1,0,25 26 27 28 29 30,0
52000,'4d7a6615443531084902',455,,89,1,0,25 26 27 28 29 30,0,180,,90,1,0,25 26 27 28 29 30,0,205,,91,1,0,25 26 27 28 29 30,0,205,,92,1,0,25 26 27 28 29 30,0,195,,93,1,0,25 26 27 28 29 30,0,495,,94,1,0,25 26 27 28 29 30,0
52000,'4f0277002864772e6462',856,,705,10,4,,0
52000,'7f443a14596255477616',620,,706,1,0,25 26 27 28 29 30,0,7,,707,10,0,25 26 27 28 29 30,0
52001,'1c2e3625233d01453772',800,,713,1,0,97 36,0,42,,718,18,4,,0,58,,719,1,0,98 50,0,25,,720,19,4,,0,75,,721,1,0,98 50,0,115,,722,16,4,,0,85,,723,1,0,97 36,0,128,,708,18,0,98 50,0,77,,709,19,4,,0,105,,710,16,4,,0,90,,711,1,0,97 36,0,112,,712,18,0,98 50,0,223,,714,18,0,97 36,0,22,,715,21,4,,0,78,,716,18,4,,0,10,,717,1,0,98 50,0
52001,'1f5759673f12020b0a50',1100,,726,1,0,98 50,0,118,,727,18,0,97 36,0,482,,724,1,0,98 50,0,200,,725,1,0,97 36,0
52001,'2a5b3362091f52630354',1736,,95,13,4,,0,100,,96,13,4,,0
52001,'31744f7e5638320a2d4c',1335,,728,10,0,98 50,0,11,,729,13,4,,0
52001,'4d7a6615443531084902',842,,97,18,4,,0,75,,98,16,4,,0,200,,99,16,4,,0,234,,100,16,4,,0,160,,101,16,4,,0,440,,102,18,4,,0
52001,'59737b0d0f044b52693e',1839,,730,21,0,98 50,0
52001,'725616403949496a5c67',1346,,103,13,4,,0
52001,'7f443a14596255477616',1725,,731,10,0,98 50,0,20,,732,16,4,,0,80,,733,10,0,98 50,0,20,,734,16,4,,0
52100,'02070559307629202a09',1347,,104,10,0,25 26 27 28 29 30,0
52100,'2a5b3362091f52630354',627,,105,10,0,25 26 27 28 29 30,0
52100,'4d7a6615443531084902',603,,106,9,0,25 26 27 28 29 30,0,104,,107,10,0,25 26 27 28 29 30,0,736,,108,9,0,25 26 27 28 29 30,0,495,,109,9,0,25 26 27 28 29 30,0
52101,'02070559307629202a09',1217,,110,18,0,97 36,0
52101,'2a08755845643968295b',1842,,111,18,0,98 50,0
52101,'2a5b3362091f52630354',1725,,112,10,0,98 50,0,100,,113,10,0,98 50,0
52101,'4d7a6615443531084902',1327,,114,18,0,98 50,0,390,,115,18,0,98 50,0,225,,116,18,0,97 36,0,100,,117,18,0,98 50,0
52101,'725616403949496a5c67',1335,,118,10,0,98 50,0
52200,'02070559307629202a09',1053,,119,9,4,,0,600,,120,9,4,,0,200,,121,9,4,,0
52200,'4d7a6615443531084902',753,,122,9,4,,0,200,,123,9,4,,0,200,,124,9,4,,0,400,,125,9,4,,0,255,,126,9,4,,0
52200,'52166b36781a3037644c',857,,127,10,4,,0
52201,'02070559307629202a09',1100,,128,1,0,98 50,0,600,,129,1,0,98 50,0,200,,130,1,0,97 36,0
52201,'4d7a6615443531084902',800,,131,1,0,97 36,0,200,,132,1,0,98 50,0,200,,133,1,0,97 36,0,400,,134,1,0,98 50,0
52201,'52166b36781a3037644c',900,,135,1,0,98 50,0
52300,'6706020c382341356e26',735,,137,14,4,,0,590,,138,14,4,,0,425,,136,14,4,,0
52300,'734c3e1b1c1138406a07',620,,139,14,4,,0,130,,141,14,4,,0,105,,142,14,4,,0,200,,143,14,4,,0,345,,140,14,4,,0,57,,144,14,4,,0,198,,145,14,4,,0
52301,'6706020c382341356e26',1231,,146,2,0,110 111,0,425,,147,2,0,110 111,0
52301,'734c3e1b1c1138406a07',657,,148,2,0,110 111,0,144,,149,2,0,110 111,0,200,,151,2,0,110 111,0,200,,150,2,0,112 113 114 115,0,200,,152,2,0,110 111,0,200,,153,2,0,110 111,0,210,,154,2,0,112 113 114 115,0
52400,'7d212b3f2568633b0919',910,,155,10,0,20 73 74,0
52401,'7d212b3f2568633b0919',1116,,156,2,0,65 62 66,0
52500,'5e2b1a64573d314d5f51',833,,157,8,4,,0,500,,158,8,4,,0
52500,'734c3e1b1c1138406a07',1833,,159,8,4,,0
52501,'5e2b1a64573d314d5f51',1221,,160,2,0,53 54,0,505,,161,2,0,53 54,0
52501,'734c3e1b1c1138406a07',726,,162,2,0,53 54,0
56000,'02070559307629202a09',1058,,540,27,4,,0,195,,541,33,4,,0,200,,537,35,4,,0,392,,538,35,0,25 26 27 28 29 30,0
56000,'0a3c663a7d504d200835',1713,,861,34,0,25 26 27 28 29 30,0
56000,'1a20552b5a400f716a1b',1100,,544,17,0,25 26 27 28 29 30,0,200,,545,17,0,25 26 27 28 29 30,0,400,,542,17,0,25 26 27 28 29 30,0,145,,543,17,0,25 26 27 28 29 30,0
56000,'1c2e3625233d01453772',1118,,865,27,4,,0,235,,866,35,4,,0,181,,862,30,4,,0,322,,864,27,0,25 26 27 28 29 30,0
56000,'1f5759673f12020b0a50',1058,,870,27,4,,0,195,,871,33,4,,0,200,,867,35,4,,0,392,,868,35,0,25 26 27 28 29 30,0
56000,'3823594e52252d7f6b14',1100,,874,17,0,25 26 27 28 29 30,0,200,,875,17,0,25 26 27 28 29 30,0,400,,872,17,0,25 26 27 28 29 30,0,145,,873,17,0,25 26 27 28 29 30,0
56000,'4d7a6615443531084902',1118,,549,27,4,,0,235,,550,35,4,,0,181,,546,30,4,,0,322,,548,27,0,25 26 27 28 29 30,0
56000,'4f0277002864772e6462',754,,879,30,0,25 26 27 28 29 30,0,194,,880,33,0,25 26 27 28 29 30,0,765,,876,33,0,25 26 27 28 29 30,0,330,,878,27,4,,0
56000,'52166b36781a3037644c',754,,554,30,0,25 26 27 28 29 30,0,194,,555,33,0,25 26 27 28 29 30,0,765,,551,33,0,25 26 27 28 29 30,0,330,,552,27,4,,0
56001,'1f06603d1d7b4f2e4171',920,,558,10,0,67 19 23 68,0,385,,559,10,0,67 19 23 68,0,200,,556,10,0,67 37,0,405,,557,10,0,67 37,0
56001,'5e2b1a64573d314d5f51',741,,564,10,0,5 6 7,0,180,,565,10,0,8 9,0,609,,560,1,0,8 9,0,176,,561,10,0,8 9,0,130,,562,10,0,8 9,0
56001,'6706020c382341356e26',830,,567,1,0,8 9,0,270,,568,1,0,8 9,0,205,,569,1,0,5 6 7,0
56001,'734c3e1b1c1138406a07',1205,,572,1,0,5 6 7,0,200,,570,1,0,8 9,0,235,,571,1,0,8 9,0
