53001,'06207727403d2a283145',1729,,183,4,,,0
53001,'4d1c4f29782b127f5736',1527,,184,4,,,0
53001,'57250a1f2855612e2d17',1257,,185,4,,,0
53001,'5d6776271a7e333e1319',927,,186,4,,,0,200,,187,4,,,0
53001,'5e2b1a64573d314d5f51',827,,196,4,,,0,100,,197,4,,,0,100,,198,4,,,0,205,,199,4,,,0,5,,200,4,,,0,95,,188,4,,,0,95,,189,4,,,0,200,,190,4,,,0,25,,191,4,,,0,100,,192,4,,,0,73,,193,4,,,0,27,,194,4,,,0,95,,195,4,,,0
53001,'62061874353c664e5006',642,,204,4,0,70 68 71,0,610,,201,4,,,0,395,,202,4,,,0,95,,203,4,,,0,3,,205,4,,,0,100,,206,4,,,0
53001,'734c3e1b1c1138406a07',742,,208,4,,,0,1058,,207,4,,,0
57101,'2a5b3362091f52630354',833,,641,4,,,0
57101,'52166b36781a3037644c',855,,642,4,,,0,403,,643,4,,,0,191,,644,9,,,0,300,,645,9,,,0,100,,646,9,,,0,75,,647,9,,,0
57201,'62061874353c664e5006',1647,,652,2,0,88 89 90,0
57201,'6706020c382341356e26',1817,,653,2,,,0
57201,'734c3e1b1c1138406a07',827,,654,2,,,0,420,,655,2,,,0,500,,656,2,,,0,100,,657,2,,,0
