55000,'0a2f1e22095132130163',1709,,438,14,0,35 38,0,39,,440,9,0,78 19,0,161,,441,14,0,35 38,0
55000,'2a5b3362091f52630354',727,,456,2,0,35 36 37,0
55000,'31744f7e5638320a2d4c',1348,,808,4,0,78 19,0
55000,'553d275f1455102c362a',1709,,814,14,0,35 45 116,0,39,,816,9,0,78 19,0,161,,817,14,0,35 45 116,0
55000,'725616403949496a5c67',1348,,468,4,0,78 19,0
55000,'7f443a14596255477616',727,,820,2,0,35 36 37,0
55300,'7f443a14596255477616',633,,851,3,0,25 26 27 28 29 30,0
55301,'2a5b3362091f52630354',1706,,529,8,0,140 141 142,0,110,,530,8,0,129 131 132,0,100,,532,8,0,129 131 132,0
55301,'31744f7e5638320a2d4c',1320,,856,10,0,117 147,0
55301,'4d7a6615443531084902',1304,,533,15,0,117 17,0,600,,534,15,0,117 17,0
55301,'725616403949496a5c67',1316,,535,8,0,129 131 132,0
55301,'7f443a14596255477616',1713,,857,13,0,140 19 145 146,0,107,,858,10,0,117 147,0,103,,860,13,0,129 131 132,0
