56001,'5e2b1a64573d314d5f51',917,,564,30,0,94 95 96,0,183,,565,30,0,6 97,0,622,,560,21,0,6 97,0,120,,561,30,0,6 97,0,173,,562,30,0,6 97,0
56001,'6706020c382341356e26',1009,,567,21,0,6 97,0,432,,569,21,0,94 95 96,0
56001,'734c3e1b1c1138406a07',1341,,572,21,0,94 95 96,0,200,,570,21,0,6 97,0
56600,'1f06603d1d7b4f2e4171',1525,,589,14,0,18 19 98,0,127,,590,10,0,18 19 98,0
56600,'5e2b1a64573d314d5f51',819,,591,5,0,18 19 98,0,140,,592,5,0,18 19 98,0,567,,593,6,0,18 19 98,0
56600,'6706020c382341356e26',1136,,594,6,0,18 19 98,0
56600,'734c3e1b1c1138406a07',1236,,595,6,0,18 19 98,0
56601,'1f06603d1d7b4f2e4171',1051,,596,6,0,94 95 96,0,380,,597,6,0,6 97,0
56601,'5e2b1a64573d314d5f51',1736,,598,6,0,8 2 9 99,0,90,,599,6,0,11 100,0
56601,'6706020c382341356e26',1226,,600,6,0,8 2 9 99,0
56601,'734c3e1b1c1138406a07',1326,,601,6,0,8 2 9 99,0
56901,'5e2b1a64573d314d5f51',1246,,609,2,0,26 101,0,455,,610,2,0,26 101,0
