54000,'220e7e723c71704c1463',929,,278,7,0,25 26 27 28 29 30,0,95,,279,4,0,25 26 27 28 29 30,0,87,,280,1,0,25 26 27 28 29 30,0,13,,281,4,0,25 26 27 28 29 30,0,87,,282,1,0,25 26 27 28 29 30,0,18,,264,7,0,25 26 27 28 29 30,0,82,,265,1,0,25 26 27 28 29 30,0,33,,266,4,0,25 26 27 28 29 30,0,67,,267,1,0,25 26 27 28 29 30,0,13,,268,7,0,25 26 27 28 29 30,0,87,,269,1,0,25 26 27 28 29 30,0,13,,270,4,0,25 26 27 28 29 30,0,87,,271,1,0,25 26 27 28 29 30,0,13,,272,4,0,25 26 27 28 29 30,0,87,,273,1,0,25 26 27 28 29 30,0,13,,274,4,0,25 26 27 28 29 30,0,30,,275,4,0,25 26 27 28 29 30,0,57,,276,1,0,25 26 27 28 29 30,0
54000,'2a08755845643968295b',626,,283,4,0,25 26 27 28 29 30,0,100,,287,4,0,25 26 27 28 29 30,0,103,,288,4,0,25 26 27 28 29 30,0,1000,,284,7,0,25 26 27 28 29 30,0,100,,285,4,0,25 26 27 28 29 30,0,100,,286,4,0,25 26 27 28 29 30,0
54000,'2a21514a4e2b3103627a',1625,,735,4,0,25 26 27 28 29 30,0
54000,'2a5b3362091f52630354',605,,294,4,0,25 26 27 28 29 30,0,10,,299,4,0,25 26 27 28 29 30,0,15,,300,4,0,25 26 27 28 29 30,0,75,,301,4,0,25 26 27 28 29 30,0,25,,302,4,0,25 26 27 28 29 30,0,95,,303,4,0,25 26 27 28 29 30,0,100,,304,7,0,25 26 27 28 29 30,0,100,,305,4,0,25 26 27 28 29 30,0,200,,289,4,0,25 26 27 28 29 30,0,110,,290,4,0,25 26 27 28 29 30,0,90,,291,7,0,25 26 27 28 29 30,0,100,,292,4,0,25 26 27 28 29 30,0,100,,293,4,0,25 26 27 28 29 30,0,100,,296,4,0,25 26 27 28 29 30,0,75,,297,4,0,25 26 27 28 29 30,0,25,,298,7,0,25 26 27 28 29 30,0
54000,'4222041c237916795e5b',1625,,739,4,0,25 26 27 28 29 30,0
54000,'4b486d3f75551347753d',825,,740,4,0,25 26 27 28 29 30,0,200,,741,4,0,25 26 27 28 29 30,0
54000,'4f0277002864772e6462',615,,749,4,0,25 26 27 28 29 30,0,15,,750,4,0,25 26 27 28 29 30,0,75,,751,4,0,25 26 27 28 29 30,0,25,,752,4,0,25 26 27 28 29 30,0,195,,753,7,0,25 26 27 28 29 30,0,300,,742,4,0,25 26 27 28 29 30,0,110,,743,4,0,25 26 27 28 29 30,0,90,,744,7,0,25 26 27 28 29 30,0,100,,745,4,0,25 26 27 28 29 30,0,200,,746,4,0,25 26 27 28 29 30,0,75,,747,4,0,25 26 27 28 29 30,0,25,,748,7,0,25 26 27 28 29 30,0
54000,'5839460d757725570f41',1425,,756,4,0,25 26 27 28 29 30,0
54000,'7f443a14596255477616',605,,760,4,0,25 26 27 28 29 30,0
54001,'1c2e3625233d01453772',750,,763,17,0,58 59,0
54001,'20650565243b6617121a',1130,,765,17,0,58 59,0,225,,764,13,0,58 59,0
54001,'220e7e723c71704c1463',812,,323,17,0,58 59,0,216,,324,17,0,47 48,0,30,,325,17,4,,0,70,,326,17,0,58 59,0,30,,327,17,4,,0,70,,328,17,0,47 48,0,30,,329,17,4,,0,65,,311,17,0,58 59,0,35,,312,17,4,,0,65,,313,17,0,58 59,0,35,,314,17,4,,0,65,,315,17,0,58 59,0,35,,316,17,4,,0,70,,317,17,0,47 48,0,30,,318,17,4,,0,70,,319,17,0,58 59,0,30,,320,17,4,,0,65,,321,17,0,47 48,0,35,,322,17,4,,0
54001,'2a08755845643968295b',732,,330,17,0,58 59,0,191,,334,17,0,58 59,0,1000,,331,17,0,58 59,0,20,,332,17,0,58 59,0,100,,333,17,0,58 59,0
54001,'2a5b3362091f52630354',750,,343,23,0,58 59,0,90,,350,23,0,58 59,0,90,,353,23,0,58 59,0,100,,354,23,0,58 59,0,200,,355,23,0,47 48,0,103,,335,19,0,58 59,0,67,,336,23,0,58 59,0,35,,337,23,0,58 59,0,95,,338,23,0,58 59,0,100,,339,23,0,47 48,0,103,,340,19,0,58 59,0,12,,341,20,0,58 59,0,60,,342,23,0,58 59,0,28,,344,19,0,47 48,0,17,,345,20,0,58 59,0,55,,346,23,0,58 59,0,28,,347,19,0,58 59,0,17,,348,23,0,58 59,0,95,,349,23,0,58 59,0
54001,'31744f7e5638320a2d4c',1355,,766,14,0,58 59,0
54001,'4b486d3f75551347753d',930,,769,17,0,58 59,0,803,,768,13,0,58 59,0
54001,'4f0277002864772e6462',840,,781,17,0,58 59,0,190,,782,17,0,58 59,0,200,,783,17,0,47 48,0,103,,770,13,0,58 59,0,67,,771,17,0,58 59,0,35,,772,17,0,58 59,0,95,,773,17,0,58 59,0,100,,774,17,0,47 48,0,175,,775,17,0,58 59,0,28,,776,13,0,47 48,0,72,,777,17,0,58 59,0,28,,778,13,0,58 59,0,17,,779,17,0,58 59,0,95,,780,17,0,58 59,0
54001,'725616403949496a5c67',1355,,360,20,0,58 59,0
54001,'7f443a14596255477616',1745,,787,14,0,58 59,0,105,,788,14,0,58 59,0
54100,'1a20552b5a400f716a1b',854,,363,15,4,,0,477,,364,15,4,,0,320,,361,15,4,,0,200,,362,15,4,,0
54100,'220e7e723c71704c1463',914,,369,15,4,,0,100,,370,15,4,,0,117,,371,15,4,,0,100,,372,15,4,,0,100,,373,15,4,,0,100,,374,15,4,,0,100,,375,15,4,,0,100,,365,15,4,,0,200,,366,15,4,,0,100,,367,15,4,,0,100,,368,15,4,,0
54101,'1a20552b5a400f716a1b',1010,,377,1,0,33 102 103,0,40,,378,1,0,33 102 103,0,355,,379,1,0,33 102 103,0,445,,376,1,0,33 102 103,0
54101,'220e7e723c71704c1463',930,,386,1,0,33 102 103,0,100,,387,1,0,33 102 103,0,115,,388,1,0,33 102 103,0,100,,389,1,0,33 102 103,0,100,,390,1,0,33 102 103,0,100,,380,1,0,33 102 103,0,100,,381,1,0,33 102 103,0,100,,382,1,0,33 102 103,0,200,,383,1,0,33 102 103,0,100,,384,1,0,33 102 103,0
