53001,'06207727403d2a283145',1830,,183,27,4,,0
53001,'4d1c4f29782b127f5736',1625,,184,27,4,,0
53001,'57250a1f2855612e2d17',1400,,185,28,4,,0
53001,'5d6776271a7e333e1319',1025,,186,27,4,,0,200,,187,27,4,,0
53001,'5e2b1a64573d314d5f51',925,,196,27,4,,0,105,,197,28,4,,0,95,,198,27,4,,0,205,,199,27,4,,0,10,,200,28,4,,0,90,,188,27,4,,0,100,,189,28,4,,0,195,,190,27,4,,0,30,,191,28,4,,0,100,,192,28,4,,0,68,,193,27,4,,0,32,,194,28,4,,0,90,,195,27,4,,0
53001,'62061874353c664e5006',1350,,201,28,4,,0,395,,202,28,4,,0,98,,203,27,4,,0,100,,206,28,4,,0
53001,'734c3e1b1c1138406a07',840,,208,27,4,,0,1018,,207,27,4,,0
53101,'3a78640c711a553f2f68',715,,220,1,0,49 105,0,215,,221,1,0,49 105,0,400,,222,1,0,49 105,0,200,,223,1,0,49 105,0,320,,224,1,0,49 105,0,155,,219,1,0,49 105,0
53101,'3b15730c603159684464',1030,,225,1,0,49 105,0,200,,226,1,0,49 105,0,400,,227,1,0,49 105,0,200,,228,1,0,49 105,0
53201,'5e2b1a64573d314d5f51',930,,233,1,0,120 36,0,400,,234,1,0,120 36,0,200,,235,1,0,120 36,0,370,,236,1,0,120 36,0
