54000,'220e7e723c71704c1463',945,,278,9,0,25 26 27 28 29 30,0,95,,279,6,0,25 26 27 28 29 30,0,87,,280,3,0,25 26 27 28 29 30,0,13,,281,6,0,25 26 27 28 29 30,0,87,,282,3,0,25 26 27 28 29 30,0,18,,264,9,0,25 26 27 28 29 30,0,82,,265,3,0,25 26 27 28 29 30,0,73,,266,6,0,25 26 27 28 29 30,0,27,,267,3,0,25 26 27 28 29 30,0,13,,268,9,0,25 26 27 28 29 30,0,87,,269,3,0,25 26 27 28 29 30,0,13,,270,6,0,25 26 27 28 29 30,0,87,,271,3,0,25 26 27 28 29 30,0,13,,272,6,0,25 26 27 28 29 30,0,87,,273,3,0,25 26 27 28 29 30,0,13,,274,6,0,25 26 27 28 29 30,0,70,,275,6,0,25 26 27 28 29 30,0,17,,276,3,0,25 26 27 28 29 30,0
54000,'2a08755845643968295b',637,,283,6,0,25 26 27 28 29 30,0,100,,287,6,0,25 26 27 28 29 30,0,108,,288,6,0,25 26 27 28 29 30,0,1000,,284,9,0,25 26 27 28 29 30,0,100,,285,6,0,25 26 27 28 29 30,0,100,,286,6,0,25 26 27 28 29 30,0
54000,'2a21514a4e2b3103627a',1635,,735,6,0,25 26 27 28 29 30,0
54000,'2a5b3362091f52630354',615,,294,6,0,25 26 27 28 29 30,0,10,,299,6,0,25 26 27 28 29 30,0,15,,300,6,0,25 26 27 28 29 30,0,75,,301,6,0,25 26 27 28 29 30,0,25,,302,6,0,25 26 27 28 29 30,0,95,,303,6,0,25 26 27 28 29 30,0,100,,304,9,0,25 26 27 28 29 30,0,100,,305,6,0,25 26 27 28 29 30,0,92,,306,2,0,25 26 27 28 29 30,0,108,,289,6,0,25 26 27 28 29 30,0,110,,290,6,0,25 26 27 28 29 30,0,90,,291,9,0,25 26 27 28 29 30,0,92,,307,2,0,25 26 27 28 29 30,0,8,,292,6,0,25 26 27 28 29 30,0,87,,308,2,0,25 26 27 28 29 30,0,13,,293,6,0,25 26 27 28 29 30,0,100,,296,6,0,25 26 27 28 29 30,0,75,,297,6,0,25 26 27 28 29 30,0,17,,309,2,0,25 26 27 28 29 30,0,8,,298,9,0,25 26 27 28 29 30,0
54000,'3b110f002e63067b2820',1827,,738,2,0,25 26 27 28 29 30,0
54000,'4222041c237916795e5b',1635,,739,6,0,25 26 27 28 29 30,0
54000,'4b486d3f75551347753d',835,,740,6,0,25 26 27 28 29 30,0,200,,741,6,0,25 26 27 28 29 30,0
54000,'4f0277002864772e6462',625,,749,6,0,25 26 27 28 29 30,0,15,,750,6,0,25 26 27 28 29 30,0,75,,751,6,0,25 26 27 28 29 30,0,25,,752,6,0,25 26 27 28 29 30,0,195,,753,9,0,25 26 27 28 29 30,0,300,,742,6,0,25 26 27 28 29 30,0,110,,743,6,0,25 26 27 28 29 30,0,90,,744,9,0,25 26 27 28 29 30,0,100,,745,6,0,25 26 27 28 29 30,0,200,,746,6,0,25 26 27 28 29 30,0,75,,747,6,0,25 26 27 28 29 30,0,25,,748,9,0,25 26 27 28 29 30,0
54000,'5839460d757725570f41',1435,,756,6,0,25 26 27 28 29 30,0
54000,'6f166c68066d266f1856',1127,,757,2,0,25 26 27 28 29 30,0,400,,758,2,0,25 26 27 28 29 30,0,95,,759,2,0,25 26 27 28 29 30,0
54000,'7f443a14596255477616',615,,760,6,0,25 26 27 28 29 30,0
54101,'1a20552b5a400f716a1b',1026,,377,3,0,33 102 103,0,80,,378,3,0,33 102 103,0,315,,379,3,0,33 102 103,0,485,,376,3,0,33 102 103,0
54101,'220e7e723c71704c1463',941,,386,3,0,33 102 103,0,105,,387,3,0,33 102 103,0,155,,388,3,0,33 102 103,0,100,,389,3,0,33 102 103,0,100,,390,3,0,33 102 103,0,100,,380,3,0,33 102 103,0,100,,381,3,0,33 102 103,0,100,,382,3,0,33 102 103,0,200,,383,3,0,33 102 103,0,100,,384,3,0,33 102 103,0
