51100,'734c3e1b1c1138406a07',835,,65,8,0,95 96,0,200,,66,8,0,95 96,0,280,,68,8,0,95 96,0,190,,69,8,0,95 96,0
52001,'1c2e3625233d01453772',824,,718,13,0,20 21 22 23 24,0,83,,720,14,0,20 21 22 23 24,0,150,,722,11,0,20 21 22 23 24,0,253,,708,13,0,98 50,0,37,,709,14,0,20 21 22 23 24,0,105,,710,11,0,20 21 22 23 24,0,202,,712,13,0,98 50,0,263,,714,13,0,97 36,0,22,,715,16,0,20 21 22 23 24,0,78,,716,13,0,20 21 22 23 24,0
52001,'1f5759673f12020b0a50',1156,,727,13,0,97 36,0
52001,'31744f7e5638320a2d4c',1312,,728,5,0,98 50,0
52001,'4d7a6615443531084902',820,,97,13,0,20 21 22 23 24,0,35,,98,11,0,20 21 22 23 24,0,200,,99,11,0,20 21 22 23 24,0,277,,100,11,0,20 21 22 23 24,0,120,,101,11,0,20 21 22 23 24,0,480,,102,13,0,20 21 22 23 24,0
52001,'59737b0d0f044b52693e',1821,,730,16,0,98 50,0
52001,'7f443a14596255477616',1703,,731,5,0,98 50,0,100,,733,5,0,98 50,0
52101,'02070559307629202a09',1155,,110,13,0,97 36,0
52101,'2a08755845643968295b',1820,,111,13,0,98 50,0
52101,'2a5b3362091f52630354',1703,,112,5,0,98 50,0,100,,113,5,0,98 50,0
52101,'4d7a6615443531084902',1305,,114,13,0,98 50,0,350,,115,13,0,98 50,0,265,,116,13,0,97 36,0,100,,117,13,0,98 50,0
52101,'725616403949496a5c67',1313,,118,5,0,98 50,0
56001,'1f06603d1d7b4f2e4171',907,,558,7,0,67 19 23 68,0,345,,559,7,0,67 19 23 68,0,200,,556,7,0,67 37,0,405,,557,7,0,67 37,0
56001,'5e2b1a64573d314d5f51',728,,564,7,0,5 6 7,0,180,,565,7,0,8 9,0,745,,561,7,0,8 9,0,170,,562,7,0,8 9,0
