53000,'5e2b1a64573d314d5f51',702,,175,4,0,25 26 27 28 29 30,0,205,,178,19,0,25 26 27 28 29 30,0,300,,168,19,0,25 26 27 28 29 30,0,300,,171,19,0,25 26 27 28 29 30,0,344,,173,4,0,25 26 27 28 29 30,0
53000,'62061874353c664e5006',641,,179,4,0,25 26 27 28 29 30,0,96,,180,4,0,25 26 27 28 29 30,0
55000,'02070559307629202a09',816,,435,4,0,35 36 37,0,200,,436,4,0,35 36 37,0,100,,437,4,0,35 36 37,0,200,,432,4,0,35 36 37,0,200,,433,4,0,35 36 37,0,140,,434,4,0,35 36 37,0
55000,'0a2f1e22095132130163',1717,,440,4,0,78 19,0
55000,'14187635613e43612170',1243,,802,4,0,35 45 116,0
55000,'20650565243b6617121a',1012,,807,4,0,35 45 116,0,200,,806,4,0,35 45 116,0
55000,'2a08755845643968295b',912,,448,4,0,35 36 37,0,200,,450,4,0,35 36 37,0,200,,443,4,0,35 36 37,0,200,,444,4,0,35 36 37,0
55000,'2a5b3362091f52630354',912,,460,4,0,35 121 122,0,200,,451,4,0,35 121 122,0,131,,453,4,0,35 38,0,69,,452,4,0,35 121 122,0,200,,454,4,0,35 121 122,0
55000,'4f0277002864772e6462',912,,813,4,0,35 45 116,0,200,,810,4,0,35 45 116,0,200,,811,4,0,35 45 116,0,200,,812,4,0,35 45 116,0
55000,'553d275f1455102c362a',1717,,816,4,0,78 19,0
55000,'5a5962265f3f1c435f26',911,,463,4,0,35 36 37,0,400,,462,4,0,35 36 37,0
