55001,'02070559307629202a09',836,,475,11,0,123 121 124,0,200,,476,11,0,123 121 124,0,300,,471,11,0,123 121 124,0,205,,472,11,0,123 121 124,0,200,,473,11,0,123 121 124,0,100,,474,11,0,123 121 124,0
55001,'0a2f1e22095132130163',1341,,477,15,0,125 126 45 127,0,388,,478,9,0,117 17,0
55001,'14187635613e43612170',751,,824,11,0,123 121 124,0,105,,825,11,0,125 126 45 127,0,180,,826,11,0,125 126 45 127,0,785,,823,12,0,125 126 45 127,0
55001,'2a08755845643968295b',751,,490,11,0,123 121 124,0,105,,493,11,0,125 126 45 127,0,180,,494,11,0,125 126 45 127,0,305,,484,11,0,125 126 45 127,0,270,,486,11,0,125 126 45 127,0,215,,489,11,0,125 126 45 127,0
55001,'2a5b3362091f52630354',707,,501,7,0,123 121 124,0,44,,508,14,0,123 121 124,0,105,,509,14,0,125 126 45 127,0,180,,511,14,0,125 126 45 127,0,570,,499,15,0,125 126 45 127,0,215,,505,15,0,125 126 45 127,0,8,,504,9,0,117 17,0
55001,'31744f7e5638320a2d4c',1349,,830,8,0,117 17,0
55001,'3405324d4148757b0d18',1341,,832,12,0,125 126 45 127,0
55001,'4f0277002864772e6462',1606,,836,12,0,125 126 45 127,0
55001,'553d275f1455102c362a',1729,,841,8,0,117 17,0
55001,'56061576073054406d39',1341,,843,12,0,125 126 45 127,0
55001,'5a5962265f3f1c435f26',1121,,518,11,0,123 121 124,0,625,,517,11,0,123 121 124,0
55001,'725616403949496a5c67',1349,,519,9,0,117 17,0
55001,'7f443a14596255477616',707,,844,7,0,123 121 124,0,1122,,846,8,0,117 17,0
55301,'2a5b3362091f52630354',1702,,529,6,0,140 141 142,0,110,,530,6,0,129 131 132,0,100,,532,6,0,129 131 132,0
55301,'4d7a6615443531084902',1303,,533,14,0,117 17,0,600,,534,14,0,117 17,0
55301,'725616403949496a5c67',1312,,535,6,0,129 131 132,0
