54200,'5e2b1a64573d314d5f51',640,,392,1,0,25 26 27 28 29 30,0,115,,393,1,0,25 26 27 28 29 30,0,345,,394,1,0,25 26 27 28 29 30,0,135,,395,1,0,25 26 27 28 29 30,0,305,,396,1,0,25 26 27 28 29 30,0,185,,391,1,0,25 26 27 28 29 30,0
54200,'62061874353c664e5006',635,,398,1,0,25 26 27 28 29 30,0,65,,399,1,0,25 26 27 28 29 30,0
54200,'734c3e1b1c1138406a07',715,,400,1,0,25 26 27 28 29 30,0
54201,'57250a1f2855612e2d17',1332,,401,23,4,,0
54201,'5e2b1a64573d314d5f51',912,,404,22,4,,0,395,,405,22,4,,0,205,,406,26,4,,0,305,,407,24,4,,0,18,,408,16,4,,0,77,,402,22,4,,0,40,,403,26,4,,0
54201,'62061874353c664e5006',1717,,409,22,4,,0,108,,410,22,4,,0
54201,'734c3e1b1c1138406a07',745,,411,16,4,,0
54300,'220e7e723c71704c1463',732,,412,19,0,35 36 37,0,400,,413,19,0,35 36 37,0,300,,414,19,0,35 36 37,0,200,,415,19,0,35 36 37,0,225,,416,19,0,35 36 37,0
54300,'2a5b3362091f52630354',728,,417,19,0,35 38,0,400,,418,19,0,35 38,0,300,,419,19,0,35 38,0,200,,420,19,0,35 38,0,225,,421,19,0,35 38,0
54300,'4f0277002864772e6462',728,,791,19,0,35 45 116,0,400,,792,19,0,35 45 116,0,300,,793,19,0,35 45 116,0,200,,794,19,0,35 45 116,0,225,,795,19,0,35 45 116,0
54301,'220e7e723c71704c1463',823,,422,4,0,39 40,0,400,,423,4,0,39 40,0,100,,424,4,0,39 40,0,400,,425,4,0,39 40,0,100,,426,4,0,39 40,0
54301,'2a5b3362091f52630354',827,,427,7,0,39 40,0,400,,428,7,0,39 40,0,100,,429,7,0,39 40,0,400,,430,7,0,39 40,0,100,,431,7,0,39 40,0
54301,'4f0277002864772e6462',827,,796,4,0,39 40,0,400,,797,4,0,39 40,0,100,,798,4,0,39 40,0,400,,799,4,0,39 40,0,100,,800,4,0,39 40,0
