52000,'1c2e3625233d01453772',550,,696,5,0,25 26 27 28 29 30,0,105,,698,6,0,25 26 27 28 29 30,0,85,,699,5,0,20 21 22 23 24,0,200,,686,5,0,20 21 22 23 24,0,200,,688,5,0,20 21 22 23 24,0,290,,690,5,0,25 26 27 28 29 30,0,110,,691,5,0,20 21 22 23 24,0,215,,694,5,0,20 21 22 23 24,0,170,,695,5,0,25 26 27 28 29 30,0
52000,'1f5759673f12020b0a50',1040,,701,5,0,20 21 22 23 24,0,294,,702,6,0,25 26 27 28 29 30,0,306,,703,5,0,20 21 22 23 24,0,200,,704,5,0,20 21 22 23 24,0
52000,'4f0277002864772e6462',844,,705,6,0,20 21 22 23 24,0
52000,'7f443a14596255477616',615,,707,6,0,25 26 27 28 29 30,0
52100,'02070559307629202a09',1335,,104,6,0,25 26 27 28 29 30,0
52100,'2a5b3362091f52630354',615,,105,6,0,25 26 27 28 29 30,0
52100,'4d7a6615443531084902',551,,106,5,0,25 26 27 28 29 30,0,104,,107,6,0,25 26 27 28 29 30,0,776,,108,5,0,25 26 27 28 29 30,0,495,,109,5,0,25 26 27 28 29 30,0
52200,'02070559307629202a09',1042,,119,5,0,20 21 22 23 24,0,600,,120,5,0,20 21 22 23 24,0,200,,121,5,0,20 21 22 23 24,0
52200,'4d7a6615443531084902',742,,122,5,0,20 21 22 23 24,0,200,,123,5,0,20 21 22 23 24,0,200,,124,5,0,20 21 22 23 24,0,400,,125,5,0,20 21 22 23 24,0,215,,126,5,0,20 21 22 23 24,0
52200,'52166b36781a3037644c',846,,127,6,0,20 21 22 23 24,0
56000,'02070559307629202a09',1048,,540,23,0,20 21 22 23 24,0,195,,541,29,0,20 21 22 23 24,0,200,,537,31,0,20 21 22 23 24,0,392,,538,31,0,25 26 27 28 29 30,0
56000,'0a3c663a7d504d200835',1703,,861,30,0,25 26 27 28 29 30,0
56000,'1a20552b5a400f716a1b',1050,,544,13,0,25 26 27 28 29 30,0,200,,545,13,0,25 26 27 28 29 30,0,400,,542,13,0,25 26 27 28 29 30,0,185,,543,13,0,25 26 27 28 29 30,0
56000,'1c2e3625233d01453772',1108,,865,23,0,20 21 22 23 24,0,235,,866,31,0,20 21 22 23 24,0,181,,862,26,0,20 21 22 23 24,0,322,,864,23,0,25 26 27 28 29 30,0
56000,'1f5759673f12020b0a50',1048,,870,23,0,20 21 22 23 24,0,195,,871,29,0,20 21 22 23 24,0,200,,867,31,0,20 21 22 23 24,0,392,,868,31,0,25 26 27 28 29 30,0
56000,'3823594e52252d7f6b14',1050,,874,13,0,25 26 27 28 29 30,0,200,,875,13,0,25 26 27 28 29 30,0,400,,872,13,0,25 26 27 28 29 30,0,185,,873,13,0,25 26 27 28 29 30,0
56000,'4d7a6615443531084902',1108,,549,23,0,20 21 22 23 24,0,235,,550,31,0,20 21 22 23 24,0,181,,546,26,0,20 21 22 23 24,0,322,,548,23,0,25 26 27 28 29 30,0
56000,'4f0277002864772e6462',744,,879,26,0,25 26 27 28 29 30,0,194,,880,29,0,25 26 27 28 29 30,0,765,,876,29,0,25 26 27 28 29 30,0,330,,878,23,0,20 21 22 23 24,0
56000,'52166b36781a3037644c',744,,554,26,0,25 26 27 28 29 30,0,194,,555,29,0,25 26 27 28 29 30,0,765,,551,29,0,25 26 27 28 29 30,0,330,,552,23,0,20 21 22 23 24,0
