54000,'0a2f1e22095132130163',1317,,262,10,0,61 74 75 76 77 103,0
54000,'220e7e723c71704c1463',1003,,277,4,4,,0,30,,278,18,4,,0,95,,279,15,4,,0,87,,280,12,4,,0,13,,281,15,4,,0,87,,282,12,4,,0,18,,264,18,4,,0,82,,265,12,4,,0,33,,266,15,4,,0,67,,267,12,4,,0,13,,268,18,4,,0,87,,269,12,4,,0,13,,270,15,4,,0,87,,271,12,4,,0,13,,272,15,4,,0,87,,273,12,4,,0,13,,274,15,4,,0,30,,275,15,4,,0,57,,276,12,4,,0
54000,'2a08755845643968295b',723,,283,15,4,,0,100,,287,15,4,,0,110,,288,15,4,,0,1000,,284,18,4,,0,100,,285,15,4,,0,100,,286,15,4,,0
54000,'2a5b3362091f52630354',703,,294,20,0,61 74 75 76 77 103,0,7,,299,19,0,61 74 75 76 77 103,0,15,,300,19,0,61 74 75 76 77 103,0,75,,301,19,0,61 74 75 76 77 103,0,25,,302,19,0,61 74 75 76 77 103,0,100,,303,21,0,61 74 75 76 77 103,0,100,,304,24,0,61 74 75 76 77 103,0,100,,305,21,0,61 74 75 76 77 103,0,90,,306,11,0,61 74 75 76 77 103,0,110,,289,21,0,61 74 75 76 77 103,0,110,,290,21,0,61 74 75 76 77 103,0,90,,291,24,0,61 74 75 76 77 103,0,90,,307,11,0,61 74 75 76 77 103,0,10,,292,21,0,61 74 75 76 77 103,0,85,,308,11,0,61 74 75 76 77 103,0,15,,293,22,0,61 74 75 76 77 103,0,100,,296,22,0,61 74 75 76 77 103,0,75,,297,21,0,61 74 75 76 77 103,0,15,,309,11,0,61 74 75 76 77 103,0,10,,298,24,0,61 74 75 76 77 103,0
54000,'725616403949496a5c67',1317,,310,11,0,61 74 75 76 77 103,0
54200,'5e2b1a64573d314d5f51',725,,392,21,4,,0,113,,393,17,4,,0,301,,394,15,4,,0,186,,395,23,4,,0,303,,396,21,4,,0,182,,391,21,4,,0
54200,'62061874353c664e5006',732,,399,13,4,,0
54200,'734c3e1b1c1138406a07',800,,400,21,4,,0
55300,'2a08755845643968295b',704,,521,16,4,,0
55300,'2a5b3362091f52630354',804,,525,16,4,,0
55300,'4d7a6615443531084902',1434,,526,16,4,,0
57400,'5e2b1a64573d314d5f51',723,,672,10,0,61 74 75 76 77 103,0,596,,673,8,0,61 74 75 76 77 103,0,410,,674,8,0,61 74 75 76 77 103,0
57400,'62061874353c664e5006',707,,676,6,0,61 74 75 76 77 103,0,95,,677,8,0,61 74 75 76 77 103,0
