54000,'220e7e723c71704c1463',1001,,278,13,0,25 26 27 28 29 30,0,55,,279,10,0,25 26 27 28 29 30,0,87,,280,7,0,25 26 27 28 29 30,0,13,,281,10,0,25 26 27 28 29 30,0,87,,282,7,0,25 26 27 28 29 30,0,58,,264,13,0,25 26 27 28 29 30,0,42,,265,7,0,25 26 27 28 29 30,0,73,,266,10,0,25 26 27 28 29 30,0,27,,267,7,0,25 26 27 28 29 30,0,13,,268,13,0,25 26 27 28 29 30,0,87,,269,7,0,25 26 27 28 29 30,0,13,,270,10,0,25 26 27 28 29 30,0,87,,271,7,0,25 26 27 28 29 30,0,13,,272,10,0,25 26 27 28 29 30,0,87,,273,7,0,25 26 27 28 29 30,0,13,,274,10,0,25 26 27 28 29 30,0,70,,275,10,0,25 26 27 28 29 30,0,17,,276,7,0,25 26 27 28 29 30,0
54000,'2a08755845643968295b',651,,283,10,0,25 26 27 28 29 30,0,100,,287,10,0,25 26 27 28 29 30,0,150,,288,10,0,25 26 27 28 29 30,0,1000,,284,13,0,25 26 27 28 29 30,0,100,,285,10,0,25 26 27 28 29 30,0,100,,286,10,0,25 26 27 28 29 30,0
54000,'2a21514a4e2b3103627a',1646,,735,10,0,25 26 27 28 29 30,0
54000,'2a5b3362091f52630354',626,,294,10,0,25 26 27 28 29 30,0,10,,299,10,0,25 26 27 28 29 30,0,15,,300,10,0,25 26 27 28 29 30,0,75,,301,10,0,25 26 27 28 29 30,0,25,,302,10,0,25 26 27 28 29 30,0,95,,303,10,0,25 26 27 28 29 30,0,100,,304,13,0,25 26 27 28 29 30,0,100,,305,10,0,25 26 27 28 29 30,0,96,,306,6,0,25 26 27 28 29 30,0,104,,289,10,0,25 26 27 28 29 30,0,110,,290,10,0,25 26 27 28 29 30,0,90,,291,13,0,25 26 27 28 29 30,0,96,,307,6,0,25 26 27 28 29 30,0,4,,292,10,0,25 26 27 28 29 30,0,91,,308,6,0,25 26 27 28 29 30,0,9,,293,10,0,25 26 27 28 29 30,0,100,,296,10,0,25 26 27 28 29 30,0,75,,297,10,0,25 26 27 28 29 30,0,21,,309,6,0,25 26 27 28 29 30,0,4,,298,13,0,25 26 27 28 29 30,0
54000,'3b110f002e63067b2820',1842,,738,6,0,25 26 27 28 29 30,0
54000,'4222041c237916795e5b',1646,,739,10,0,25 26 27 28 29 30,0
54000,'4b486d3f75551347753d',846,,740,10,0,25 26 27 28 29 30,0,200,,741,10,0,25 26 27 28 29 30,0
54000,'4f0277002864772e6462',636,,749,10,0,25 26 27 28 29 30,0,15,,750,10,0,25 26 27 28 29 30,0,75,,751,10,0,25 26 27 28 29 30,0,25,,752,10,0,25 26 27 28 29 30,0,195,,753,13,0,25 26 27 28 29 30,0,300,,742,10,0,25 26 27 28 29 30,0,110,,743,10,0,25 26 27 28 29 30,0,90,,744,13,0,25 26 27 28 29 30,0,100,,745,10,0,25 26 27 28 29 30,0,200,,746,10,0,25 26 27 28 29 30,0,75,,747,10,0,25 26 27 28 29 30,0,25,,748,13,0,25 26 27 28 29 30,0
54000,'5839460d757725570f41',1446,,756,10,0,25 26 27 28 29 30,0
54000,'6f166c68066d266f1856',1142,,757,6,0,25 26 27 28 29 30,0,400,,758,6,0,25 26 27 28 29 30,0,95,,759,6,0,25 26 27 28 29 30,0
54000,'7f443a14596255477616',626,,760,10,0,25 26 27 28 29 30,0
54101,'1a20552b5a400f716a1b',1042,,377,7,0,33 102 103,0,80,,378,7,0,33 102 103,0,315,,379,7,0,33 102 103,0,485,,376,7,0,33 102 103,0
54101,'220e7e723c71704c1463',830,,385,1,0,33 102 103,0,125,,386,7,0,33 102 103,0,147,,387,7,0,33 102 103,0,115,,388,7,0,33 102 103,0,100,,389,7,0,33 102 103,0,100,,390,7,0,33 102 103,0,100,,380,7,0,33 102 103,0,100,,381,7,0,33 102 103,0,100,,382,7,0,33 102 103,0,200,,383,7,0,33 102 103,0,100,,384,7,0,33 102 103,0
