56000,'02070559307629202a09',950,,540,12,0,20 21 22 23 24,0,193,,541,18,0,20 21 22 23 24,0,200,,537,20,0,20 21 22 23 24,0,390,,538,20,0,25 26 27 28 29 30,0,7,,539,12,0,75 76 77,0
56000,'0a3c663a7d504d200835',1604,,861,19,0,25 26 27 28 29 30,0
56000,'1a20552b5a400f716a1b',948,,544,2,0,25 26 27 28 29 30,0,200,,545,2,0,25 26 27 28 29 30,0,400,,542,2,0,25 26 27 28 29 30,0,185,,543,2,0,25 26 27 28 29 30,0
56000,'1c2e3625233d01453772',1010,,865,12,0,20 21 22 23 24,0,233,,866,20,0,20 21 22 23 24,0,181,,862,15,0,20 21 22 23 24,0,299,,863,20,0,10 11 12,0,22,,864,12,0,25 26 27 28 29 30,0
56000,'1f5759673f12020b0a50',950,,870,12,0,20 21 22 23 24,0,193,,871,18,0,20 21 22 23 24,0,200,,867,20,0,20 21 22 23 24,0,390,,868,20,0,25 26 27 28 29 30,0,7,,869,12,0,75 76 77,0
56000,'3823594e52252d7f6b14',948,,874,2,0,25 26 27 28 29 30,0,200,,875,2,0,25 26 27 28 29 30,0,400,,872,2,0,25 26 27 28 29 30,0,185,,873,2,0,25 26 27 28 29 30,0
56000,'4d7a6615443531084902',1010,,549,12,0,20 21 22 23 24,0,233,,550,20,0,20 21 22 23 24,0,181,,546,15,0,20 21 22 23 24,0,299,,547,20,0,10 11 12,0,22,,548,12,0,25 26 27 28 29 30,0
56000,'4f0277002864772e6462',644,,879,15,0,25 26 27 28 29 30,0,194,,880,18,0,25 26 27 28 29 30,0,765,,876,18,0,25 26 27 28 29 30,0,332,,878,12,0,20 21 22 23 24,0
56000,'52166b36781a3037644c',644,,554,15,0,25 26 27 28 29 30,0,194,,555,18,0,25 26 27 28 29 30,0,765,,551,18,0,25 26 27 28 29 30,0,332,,552,12,0,20 21 22 23 24,0
56901,'1f06603d1d7b4f2e4171',1013,,606,12,0,10 11 12,0,730,,607,13,0,75 76 77,0,200,,608,13,0,10 11 12,0
56901,'5e2b1a64573d314d5f51',1355,,609,16,0,18 19,0,455,,610,16,0,18 19,0
