56000,'02070559307629202a09',1105,,541,9,0,12 13 14 15 16,0,200,,537,11,0,12 13 14 15 16,0,350,,538,11,,,0
56000,'4d7a6615443531084902',1205,,550,11,0,12 13 14 15 16,0,440,,547,11,0,17 18 19,0
56000,'52166b36781a3037644c',559,,553,3,0,17 18 19,0,241,,555,9,,,0,725,,551,9,,,0
56001,'5e2b1a64573d314d5f51',927,,564,32,,,0,184,,565,32,0,5 6,0,741,,561,32,0,5 6,0,174,,562,32,0,5 6,0
56001,'6706020c382341356e26',1451,,569,23,,,0
56001,'734c3e1b1c1138406a07',1351,,572,23,,,0
56600,'1f06603d1d7b4f2e4171',1515,,589,12,,,0,127,,590,8,,,0
56600,'5e2b1a64573d314d5f51',809,,591,3,,,0,140,,592,3,,,0,567,,593,4,,,0
56600,'6706020c382341356e26',1126,,594,4,,,0
56600,'734c3e1b1c1138406a07',1226,,595,4,,,0
56601,'1f06603d1d7b4f2e4171',1100,,596,8,,,0,340,,597,8,0,5 6,0
56601,'5e2b1a64573d314d5f51',1746,,598,8,0,7 8 2 9,0,90,,599,8,0,10 11,0
56601,'6706020c382341356e26',1236,,600,8,0,7 8 2 9,0
56601,'734c3e1b1c1138406a07',1336,,601,8,0,7 8 2 9,0
56900,'5e2b1a64573d314d5f51',941,,604,22,0,20 21,0,575,,605,22,0,20 21,0
56901,'5e2b1a64573d314d5f51',1255,,609,4,,,0,455,,610,4,,,0
