53000,'4d1c4f29782b127f5736',1004,,165,18,,,0,600,,163,18,,,0,200,,164,18,,,0
53000,'5d6776271a7e333e1319',1204,,166,18,,,0
53000,'5e2b1a64573d314d5f51',655,,176,19,,,0,150,,177,18,,,0,299,,167,18,,,0,200,,169,18,,,0,105,,170,18,,,0,295,,172,18,,,0,205,,174,18,,,0
53000,'734c3e1b1c1138406a07',634,,181,19,,,0,96,,182,19,,,0
53001,'06207727403d2a283145',1751,,183,10,,,0
53001,'4d1c4f29782b127f5736',1546,,184,10,,,0
53001,'5d6776271a7e333e1319',946,,186,10,,,0,200,,187,10,,,0
53001,'5e2b1a64573d314d5f51',846,,196,10,,,0,200,,198,10,,,0,205,,199,10,,,0,100,,188,10,,,0,295,,190,10,,,0,199,,193,10,,,0,161,,195,10,,,0
53001,'62061874353c664e5006',1311,,201,10,,,0,395,,202,10,,,0,98,,203,10,,,0,1,,205,10,,,0,100,,206,10,,,0
53001,'734c3e1b1c1138406a07',801,,208,10,,,0,1019,,207,10,,,0
