54001,'1c2e3625233d01453772',659,,763,5,0,58 59,0
54001,'20650565243b6617121a',1039,,765,5,0,58 59,0
54001,'220e7e723c71704c1463',729,,323,5,0,58 59,0,213,,324,5,0,47 48,0,70,,325,5,0,60 61 62 63,0,30,,326,5,0,58 59,0,70,,327,5,0,60 61 62 63,0,30,,328,5,0,47 48,0,70,,329,5,0,60 61 62 63,0,25,,311,5,0,58 59,0,75,,312,5,0,60 61 62 63,0,25,,313,5,0,58 59,0,75,,314,5,0,60 61 62 63,0,25,,315,5,0,58 59,0,75,,316,5,0,60 61 62 63,0,30,,317,5,0,47 48,0,70,,318,5,0,60 61 62 63,0,30,,319,5,0,58 59,0,70,,320,5,0,60 61 62 63,0,25,,321,5,0,47 48,0,75,,322,5,0,60 61 62 63,0
54001,'2a08755845643968295b',649,,330,5,0,58 59,0,188,,334,5,0,58 59,0,1000,,331,5,0,58 59,0,20,,332,5,0,58 59,0,100,,333,5,0,58 59,0
54001,'2a5b3362091f52630354',659,,343,5,0,58 59,0,90,,350,5,0,58 59,0,90,,353,5,0,58 59,0,100,,354,5,0,58 59,0,2,,356,5,0,60 64,0,100,,357,5,0,60 64,0,98,,355,5,0,47 48,0,102,,358,5,0,60 64,0,68,,336,5,0,58 59,0,35,,337,5,0,58 59,0,95,,338,5,0,58 59,0,2,,359,5,0,60 64,0,98,,339,5,0,47 48,0,175,,342,5,0,58 59,0,100,,346,5,0,58 59,0,45,,348,5,0,58 59,0,95,,349,5,0,58 59,0
54001,'3b110f002e63067b2820',941,,767,5,0,60 64,0
54001,'4b486d3f75551347753d',839,,769,5,0,58 59,0
54001,'4f0277002864772e6462',749,,781,5,0,58 59,0,190,,782,5,0,58 59,0,200,,783,5,0,47 48,0,170,,771,5,0,58 59,0,35,,772,5,0,58 59,0,95,,773,5,0,58 59,0,100,,774,5,0,47 48,0,175,,775,5,0,58 59,0,100,,777,5,0,58 59,0,45,,779,5,0,58 59,0,95,,780,5,0,58 59,0
54001,'6f166c68066d266f1856',1041,,784,5,0,60 64,0,200,,785,5,0,60 64,0,200,,786,5,0,60 64,0
54300,'2a5b3362091f52630354',742,,417,22,0,35 38,0
54300,'4f0277002864772e6462',742,,791,22,0,35 45 116,0
57401,'2910694d611e54493e1f',1736,,678,7,0,41 42 43,0
57401,'57250a1f2855612e2d17',1253,,679,4,0,41 42 43,0
57401,'5e2b1a64573d314d5f51',851,,680,7,0,41 42 43,0,390,,681,7,0,41 42 43,0,595,,682,7,0,41 42 43,0
57401,'62061874353c664e5006',1648,,683,7,0,41 42 43,0,105,,684,4,0,41 42 43,0,100,,685,4,0,41 42 43,0
